Total Simulation steps: 674
Td	ID	Tj	Df	Dd	Db
8	22	4	NaN	NaN	NaN
9	21	4	NaN	NaN	NaN
13	2010	5	0	8	8
19	18	4	0	15	15
20	14	3	1	16	17
20	10	2	2	16	18
22	4004	10	0	12	12
24	4006	12	0	12	12
25	4003	9	0	16	16
26	4002	8	0	18	18
26	4011	17	0	9	9
26	4009	15	0	11	11
26	4007	13	0	13	13
27	4001	7	0	20	20
28	4000	6	0	22	22
30	2005	4	0	26	26
30	8	2	2	26	28
30	81	30	NaN	NaN	NaN
30	4008	14	0	16	16
30	4005	11	0	19	19
32	2009	5	1	26	27
32	4013	19	0	13	13
32	4010	16	0	16	16
33	2011	5	1	27	28
33	4017	23	1	9	10
33	4014	20	1	12	13
34	4012	18	0	16	16
35	2004	4	0	31	31
37	4018	24	0	13	13
37	4016	22	0	15	15
38	4015	21	0	17	17
38	4020	26	0	12	12
39	111	39	NaN	NaN	NaN
40	117	40	NaN	NaN	NaN
40	4019	25	0	15	15
41	123	41	NaN	NaN	NaN
41	4021	27	0	14	14
42	129	42	NaN	NaN	NaN
42	4024	30	0	12	12
43	20	4	0	39	39
43	135	43	NaN	NaN	NaN
44	12	3	1	40	41
44	141	44	NaN	NaN	NaN
45	29	13	0	32	32
45	147	45	NaN	NaN	NaN
46	2038	19	1	26	27
47	4026	32	0	15	15
49	2044	20	1	28	29
53	2056	23	1	29	30
53	4025	31	0	22	22
54	183	54	NaN	NaN	NaN
54	4027	33	0	21	21
55	72	27	0	28	28
55	189	55	NaN	NaN	NaN
55	4023	29	1	25	26
56	96	35	0	21	21
56	195	56	NaN	NaN	NaN
57	201	57	NaN	NaN	NaN
57	4028	34	0	23	23
58	207	58	NaN	NaN	NaN
58	4022	28	0	30	30
59	213	59	NaN	NaN	NaN
62	2068	25	1	36	37
66	4030	36	0	30	30
67	2062	24	1	42	43
68	4029	35	0	33	33
68	4032	38	0	30	30
68	4031	37	0	31	31
69	2016	14	2	53	55
70	4035	41	0	29	29
70	4034	40	0	30	30
71	2023	16	1	54	55
71	4033	39	0	32	32
72	4037	43	0	29	29
72	4036	42	1	29	30
72	4040	46	1	25	26
72	4038	44	1	27	28
72	4043	49	0	23	23
74	2098	32	2	40	42
74	4042	48	1	25	26
74	4039	45	1	28	29
76	2074	26	2	48	50
79	2029	17	2	60	62
79	102	36	0	43	43
79	267	79	NaN	NaN	NaN
79	4054	60	1	18	19
80	42	22	0	58	58
80	273	80	NaN	NaN	NaN
81	174	50	0	31	31
81	279	81	NaN	NaN	NaN
81	4046	52	1	28	29
82	2111	34	0	48	48
82	222	62	0	20	20
82	285	82	NaN	NaN	NaN
82	4047	53	1	28	29
82	4045	51	1	30	31
83	2128	46	3	34	37
83	4048	54	0	29	29
85	4051	57	1	27	28
86	4052	58	1	27	28
86	4041	47	1	38	39
86	4053	59	1	26	27
86	4044	50	0	36	36
89	309	89	NaN	NaN	NaN
89	4050	56	0	33	33
90	2134	47	2	41	43
90	4049	55	1	34	35
92	2089	29	2	61	63
92	315	92	NaN	NaN	NaN
93	2110	34	2	57	59
93	321	93	NaN	NaN	NaN
93	4055	61	1	31	32
93	4062	68	1	24	25
93	4056	62	1	30	31
94	327	94	NaN	NaN	NaN
95	333	95	NaN	NaN	NaN
97	4063	69	1	27	28
99	4058	64	1	34	35
99	4067	73	1	25	26
99	4057	63	1	35	36
103	4073	79	1	23	24
104	381	104	NaN	NaN	NaN
104	4072	78	1	25	26
104	4065	71	1	32	33
106	4076	82	1	23	24
106	4059	65	1	40	41
108	4060	66	1	41	42
109	4075	81	1	27	28
110	4066	72	1	37	38
110	4061	67	1	42	43
112	4068	74	1	37	38
115	4074	80	1	34	35
116	2125	38	2	76	78
116	294	87	0	29	29
116	411	116	NaN	NaN	NaN
117	258	76	0	41	41
117	417	117	NaN	NaN	NaN
117	4069	75	1	41	42
118	228	63	0	55	55
118	423	118	NaN	NaN	NaN
119	0	1	3	115	118
119	429	119	NaN	NaN	NaN
119	4083	89	1	29	30
120	4064	70	1	49	50
121	4078	84	1	36	37
123	4077	83	1	39	40
123	4071	77	1	45	46
123	4080	86	1	36	37
124	4070	76	1	47	48
125	2140	49	2	74	76
125	4079	85	1	39	40
125	4089	95	1	29	30
126	4082	88	1	37	38
127	4085	91	2	34	36
128	4081	87	1	40	41
129	4088	94	2	33	35
130	2164	60	3	67	70
130	372	102	0	28	28
130	459	130	NaN	NaN	NaN
130	4087	93	2	35	37
131	162	48	0	83	83
131	465	131	NaN	NaN	NaN
132	240	73	0	59	59
132	471	132	NaN	NaN	NaN
132	4091	97	1	34	35
132	4093	99	1	32	33
133	300	88	0	45	45
133	477	133	NaN	NaN	NaN
134	4090	96	1	37	38
135	2155	52	4	79	83
136	4086	92	2	42	44
137	2236	75	3	59	62
140	4084	90	2	48	50
142	525	142	NaN	NaN	NaN
143	531	143	NaN	NaN	NaN
144	537	144	NaN	NaN	NaN
145	543	145	NaN	NaN	NaN
146	348	98	0	48	48
146	549	146	NaN	NaN	NaN
147	4094	100	1	46	47
147	4092	98	1	48	49
149	4099	105	2	42	44
151	4096	102	1	48	49
152	2230	74	3	75	78
153	4100	106	2	45	47
153	4095	101	1	51	52
154	585	154	NaN	NaN	NaN
155	591	155	NaN	NaN	NaN
155	4104	110	2	43	45
155	4112	118	1	36	37
156	597	156	NaN	NaN	NaN
157	2225	72	0	85	85
157	390	111	0	46	46
157	603	157	NaN	NaN	NaN
158	2224	72	3	83	86
158	450	126	0	32	32
158	609	158	NaN	NaN	NaN
158	4107	113	2	43	45
159	2266	85	4	70	74
159	438	124	0	35	35
159	498	137	0	22	22
160	621	160	NaN	NaN	NaN
160	4098	104	2	54	56
160	4106	112	2	46	48
161	2483	151	0	10	10
161	627	161	NaN	NaN	NaN
162	615	159	NaN	NaN	NaN
163	633	163	NaN	NaN	NaN
168	4115	121	1	46	47
171	663	171	NaN	NaN	NaN
172	2290	96	3	73	76
172	402	113	0	59	59
172	669	172	NaN	NaN	NaN
172	4102	108	2	62	64
173	516	140	0	33	33
173	675	173	NaN	NaN	NaN
173	4117	123	1	49	50
174	681	174	NaN	NaN	NaN
174	4113	119	2	53	55
175	687	175	NaN	NaN	NaN
175	4122	128	1	46	47
176	693	176	NaN	NaN	NaN
178	2161	53	4	121	125
180	2221	71	3	106	109
180	4109	115	1	64	65
181	4116	122	1	58	59
182	4103	109	1	72	73
183	2308	100	4	79	83
183	2191	66	5	112	117
184	2185	65	5	114	119
184	4108	114	1	69	70
185	2302	99	3	83	86
185	2362	112	5	68	73
186	2209	69	4	113	117
189	654	168	0	21	21
189	576	152	0	37	37
189	4097	103	1	85	86
190	564	150	0	40	40
190	642	166	0	24	24
191	2	1	3	187	190
191	9	2	2	187	189
192	23	4	0	188	188
192	759	191	NaN	NaN	NaN
192	4119	125	2	65	67
193	2215	70	4	119	123
193	2344	108	4	81	85
193	1	1	3	189	192
193	753	190	NaN	NaN	NaN
194	28	13	0	181	181
194	747	189	NaN	NaN	NaN
194	4114	120	1	73	74
194	4101	107	2	85	87
195	4126	132	1	62	63
198	2314	101	4	93	97
199	2197	67	6	126	132
199	2296	97	3	99	102
201	4110	116	1	84	85
201	4127	133	1	67	68
202	4120	126	2	74	76
202	4121	127	2	73	75
203	801	203	NaN	NaN	NaN
204	2203	68	5	131	136
204	807	204	NaN	NaN	NaN
205	2251	78	4	123	127
205	813	205	NaN	NaN	NaN
206	819	206	NaN	NaN	NaN
206	4123	129	1	76	77
207	825	207	NaN	NaN	NaN
207	4105	111	2	94	96
208	831	208	NaN	NaN	NaN
208	4118	124	2	82	84
209	837	209	NaN	NaN	NaN
211	4139	145	3	63	66
212	4111	117	1	94	95
213	4132	138	2	73	75
213	4124	130	1	82	83
214	4128	134	2	78	80
214	4125	131	1	82	83
215	4143	149	2	64	66
216	2281	90	4	122	126
217	4140	146	2	69	71
217	4130	136	1	80	81
219	2287	91	4	124	128
220	2398	123	5	92	97
220	702	181	0	39	39
220	885	220	NaN	NaN	NaN
221	738	187	0	34	34
221	891	221	NaN	NaN	NaN
222	780	198	0	24	24
222	897	222	NaN	NaN	NaN
223	2452	139	6	78	84
223	2404	125	6	92	98
223	35	19	0	204	204
223	903	223	NaN	NaN	NaN
225	4131	137	2	86	88
225	4138	144	3	78	81
225	4145	151	2	72	74
228	2434	135	5	88	93
230	4133	139	2	89	91
230	4150	156	2	72	74
231	2440	136	5	90	95
231	4141	147	2	82	84
232	2428	134	6	92	98
235	792	200	0	35	35
235	957	235	NaN	NaN	NaN
236	858	215	0	21	21
236	963	236	NaN	NaN	NaN
237	41	20	0	217	217
237	969	237	NaN	NaN	NaN
237	4136	142	2	93	95
238	44	22	0	216	216
238	975	238	NaN	NaN	NaN
238	4134	140	2	96	98
239	43	22	0	217	217
239	981	239	NaN	NaN	NaN
239	4129	135	2	102	104
241	2446	138	6	97	103
241	4159	165	2	74	76
245	1011	245	NaN	NaN	NaN
245	4149	155	2	88	90
246	1017	246	NaN	NaN	NaN
247	1023	247	NaN	NaN	NaN
247	4154	160	3	84	87
248	2377	115	7	126	133
248	1029	248	NaN	NaN	NaN
248	4142	148	2	98	100
249	1035	249	NaN	NaN	NaN
249	4161	167	2	80	82
250	1041	250	NaN	NaN	NaN
250	4137	143	3	104	107
251	2753	241	0	10	10
251	1047	251	NaN	NaN	NaN
251	4144	150	2	99	101
252	1053	252	NaN	NaN	NaN
252	4157	163	2	87	89
253	2270	86	4	163	167
253	1059	253	NaN	NaN	NaN
254	2297	97	0	157	157
254	1065	254	NaN	NaN	NaN
255	4151	157	2	96	98
256	2621	197	0	59	59
257	2476	149	7	101	108
259	2578	186	8	65	73
259	1089	259	NaN	NaN	NaN
260	1095	260	NaN	NaN	NaN
261	1101	261	NaN	NaN	NaN
262	1107	262	NaN	NaN	NaN
263	1113	263	NaN	NaN	NaN
264	1119	264	NaN	NaN	NaN
265	2747	240	0	25	25
265	2765	255	0	10	10
265	1125	265	NaN	NaN	NaN
267	2425	129	7	131	138
267	1131	267	NaN	NaN	NaN
268	2512	167	9	92	101
268	1137	268	NaN	NaN	NaN
268	4147	153	2	113	115
268	4166	172	4	92	96
269	1143	269	NaN	NaN	NaN
270	936	230	0	40	40
270	1149	270	NaN	NaN	NaN
271	4148	154	2	115	117
273	4160	166	2	105	107
274	2506	165	8	101	109
275	4135	141	3	131	134
277	2572	185	8	84	92
279	1002	243	0	36	36
279	1185	279	NaN	NaN	NaN
280	876	218	0	62	62
280	996	242	0	38	38
281	2464	147	6	128	134
281	1074	256	0	25	25
281	1197	281	NaN	NaN	NaN
282	2554	182	6	94	100
282	2626	199	6	77	83
282	1203	282	NaN	NaN	NaN
282	4155	161	3	118	121
283	1209	283	NaN	NaN	NaN
284	1215	284	NaN	NaN	NaN
285	1191	280	NaN	NaN	NaN
285	4146	152	2	131	133
286	2482	151	8	127	135
287	2542	179	6	102	108
287	4168	174	4	109	113
288	4156	162	2	124	126
289	4170	176	3	110	113
290	4178	184	4	102	106
291	2419	128	7	156	163
292	4153	159	3	130	133
292	4183	189	4	99	103
293	4169	175	3	115	118
295	2497	162	7	126	133
296	4152	158	2	136	138
296	4172	178	3	115	118
296	4171	177	3	116	119
297	4191	197	3	97	100
297	4173	179	4	114	118
298	4164	170	4	124	128
299	4176	182	3	114	117
300	4165	171	4	125	129
302	4177	183	3	116	119
303	4167	173	4	126	130
305	2560	183	7	115	122
305	4179	185	4	116	120
305	4184	190	4	111	115
306	2590	192	7	107	114
309	2614	196	7	106	113
312	1080	257	0	55	55
312	948	232	0	80	80
313	1176	277	0	36	36
313	1158	274	0	39	39
313	4163	169	3	141	144
313	4175	181	3	129	132
314	2692	224	8	82	90
314	2566	184	7	123	130
314	1224	291	0	23	23
314	1236	293	0	21	21
315	73	27	0	288	288
315	74	27	0	288	288
316	2756	244	0	72	72
316	59	24	0	292	292
316	65	25	0	291	291
317	71	26	0	291	291
317	1299	316	NaN	NaN	NaN
318	53	23	0	295	295
318	1293	315	NaN	NaN	NaN
319	78	30	0	289	289
319	1287	314	NaN	NaN	NaN
319	4158	164	2	153	155
320	1281	313	NaN	NaN	NaN
321	4236	242	4	75	79
321	4284	290	6	25	31
321	4263	269	6	46	52
321	4226	232	5	84	89
321	4301	307	7	7	14
321	4244	250	4	67	71
321	4251	257	6	58	64
321	4232	238	4	79	83
321	4290	296	5	20	25
321	4296	302	5	14	19
321	4230	236	5	80	85
321	4256	262	6	53	59
321	4309	315	-316	322	6
321	4278	284	7	30	37
321	4291	297	5	19	24
321	4241	247	4	70	74
321	4195	201	3	117	120
321	4219	225	3	93	96
321	4194	200	4	117	121
321	4302	308	7	6	13
321	4269	275	7	39	46
321	4245	251	5	65	70
321	4257	263	6	52	58
321	4268	274	7	40	47
321	4185	191	4	126	130
321	4182	188	4	129	133
321	4270	276	7	38	45
321	4233	239	4	78	82
321	4310	316	-317	322	5
321	4207	213	4	104	108
321	4271	277	7	37	44
321	4303	309	7	5	12
321	4277	283	7	31	38
321	4297	303	5	13	18
321	4292	298	5	18	23
321	4258	264	5	52	57
321	4199	205	3	113	116
321	4227	233	5	83	88
321	4204	210	4	107	111
321	4202	208	4	109	113
321	4186	192	4	125	129
321	4264	270	6	45	51
321	4193	199	4	118	122
321	4286	292	5	24	29
321	4246	252	4	65	69
321	4242	248	4	69	73
321	4198	204	3	114	117
321	4285	291	6	24	30
321	4192	198	4	119	123
321	4311	317	-318	322	4
321	4237	243	4	74	78
321	4272	278	7	36	43
321	4298	304	6	11	17
321	4281	287	6	28	34
321	4229	235	5	81	86
321	4234	240	4	77	81
321	4293	299	5	17	22
321	4279	285	7	29	36
321	4304	310	7	4	11
321	4247	253	5	63	68
321	4260	266	5	50	55
321	4265	271	6	44	50
321	4211	217	4	100	104
321	4259	265	5	51	56
321	4188	194	3	124	127
321	4266	272	6	43	49
321	4208	214	4	103	107
321	4174	180	4	137	141
321	4223	229	3	89	92
321	4206	212	4	105	109
321	4312	318	-319	322	3
321	4216	222	4	95	99
321	4243	249	4	68	72
321	4305	311	7	3	10
321	4181	187	5	129	134
321	4238	244	4	73	77
321	4220	226	3	92	95
321	4287	293	5	23	28
321	4252	258	7	56	63
321	4209	215	4	102	106
321	4231	237	4	80	84
321	4200	206	3	112	115
321	4273	279	7	35	42
321	4218	224	3	94	97
321	4280	286	7	28	35
321	4196	202	3	116	119
321	4313	319	-320	322	2
321	4248	254	5	62	67
321	4306	312	7	2	9
321	4217	223	3	95	98
321	4267	273	6	42	48
321	4299	305	6	10	16
321	4222	228	4	89	93
321	4288	294	5	22	27
321	4212	218	4	99	103
321	4274	280	7	34	41
321	4210	216	4	101	105
321	4228	234	5	82	87
321	4289	295	5	21	26
321	4283	289	6	26	32
321	4254	260	6	55	61
321	4239	245	4	72	76
321	4190	196	3	122	125
321	4213	219	4	98	102
321	4162	168	3	150	153
321	4261	267	5	49	54
321	4282	288	6	27	33
321	4249	255	5	61	66
321	4294	300	5	16	21
321	4187	193	4	124	128
321	4224	230	4	87	91
321	4314	320	-321	322	1
321	4189	195	3	123	126
321	4253	259	7	55	62
321	4300	306	7	8	15
321	4214	220	4	97	101
321	4235	241	4	76	80
321	4221	227	3	91	94
321	4180	186	5	130	135
321	4255	261	6	54	60
321	4250	256	5	60	65
321	4197	203	3	115	118
321	4240	246	4	71	75
321	4307	313	7	1	8
321	4225	231	5	85	90
321	4276	282	7	32	39
321	4201	207	4	110	114
321	4308	314	6	1	7
321	4215	221	4	96	100
321	4205	211	4	106	110
321	4295	301	5	15	20
321	4203	209	3	109	112
321	4262	268	5	48	53
321	4275	281	7	33	40
321	1275	312	NaN	NaN	NaN
580	581	152	0	428	428
580	443	124	0	456	456
580	157	47	0	533	533
585	353	98	0	487	487
589	481	134	0	455	455
591	433	123	0	468	468
594	47	22	0	572	572
594	55	24	0	570	570
594	785	198	0	396	396
594	61	25	0	569	569
595	991	241	0	354	354
595	233	63	0	532	532
595	493	136	0	459	459
595	1255	306	0	289	289
596	925	228	0	368	368
596	305	88	0	508	508
596	75	27	0	569	569
596	367	101	0	495	495
596	939	230	0	366	366
596	1241	293	0	303	303
597	407	113	0	484	484
597	45	22	0	575	575
598	769	196	0	402	402
598	505	138	0	460	460
598	1007	243	0	355	355
598	1271	308	0	290	290
599	1079	256	0	343	343
599	167	48	0	551	551
599	1261	307	0	292	292
599	1243	302	0	297	297
600	1171	276	0	324	324
601	67	26	0	575	575
602	795	200	0	402	402
603	649	167	0	436	436
605	775	197	0	408	408
605	343	97	0	508	508
605	1153	271	0	334	334
608	6	2	2	604	606
608	3	1	3	604	607
609	24	13	0	596	596
609	85	32	0	577	577
609	941	230	0	379	379
609	1229	291	0	318	318
609	1227	291	0	318	318
609	1165	275	0	334	334
609	787	199	0	410	410
609	697	179	0	430	430
609	553	147	0	462	462
609	847	211	0	398	398
609	863	215	0	394	394
609	841	210	0	399	399
609	445	125	0	484	484
609	797	200	0	409	409
609	733	186	0	423	423
609	647	166	0	443	443
609	297	87	0	522	522
609	707	181	0	428	428
610	385	108	0	502	502
610	303	88	0	522	522
610	231	63	0	547	547
610	1181	277	0	333	333
610	247	74	0	536	536
611	217	60	0	551	551
611	1231	292	0	319	319
611	355	99	0	512	512
611	337	96	0	515	515
611	659	168	0	443	443
611	150	46	0	565	565
611	152	46	0	565	565
611	84	32	0	579	579
611	90	34	0	577	577
611	645	166	0	445	445
611	441	124	0	487	487
611	245	73	0	538	538
611	919	227	0	384	384
612	434	123	0	489	489
612	953	232	0	380	380
612	610	158	0	454	454
612	815	205	118	289	407
612	821	206	117	289	406
612	1295	315	17	280	297
612	1301	316	16	280	296
613	1085	257	0	356	356
613	657	168	0	445	445
613	151	46	0	567	567
613	480	134	0	479	479
613	1036	249	0	364	364
613	664	171	0	442	442
613	455	126	0	487	487
613	892	221	0	392	392
613	1126	265	0	348	348
613	1132	267	0	346	346
614	405	113	0	501	501
614	567	150	0	464	464
614	1254	306	0	308	308
614	281	81	5	528	533
614	705	181	0	433	433
615	677	173	145	297	442
615	354	99	0	516	516
615	671	172	146	297	443
615	1256	306	0	309	309
616	1121	264	63	289	352
616	1115	263	64	289	353
616	1109	262	65	289	354
616	727	185	0	431	431
616	559	149	0	467	467
617	31	19	0	598	598
617	695	176	143	298	441
617	689	175	144	298	442
617	683	174	145	298	443
617	478	133	0	484	484
617	383	104	5	508	513
617	714	183	0	434	434
618	280	81	0	537	537
618	788	199	0	419	419
618	501	137	0	481	481
618	853	212	0	406	406
620	486	135	0	485	485
620	879	218	0	402	402
620	579	152	0	468	468
620	342	97	0	523	523
620	393	111	0	509	509
620	1144	269	0	351	351
620	893	221	104	295	399
620	754	190	0	430	430
620	734	186	0	434	434
621	1108	262	0	359	359
621	977	238	88	295	383
621	665	171	141	309	450
622	5	1	3	618	621
622	7	2	2	618	620
622	11	2	2	618	620
622	17	3	1	618	619
622	15	3	1	618	619
623	503	137	0	486	486
623	37	20	0	603	603
623	881	218	0	405	405
623	377	102	0	521	521
623	1001	242	0	381	381
623	913	226	0	397	397
623	871	217	0	406	406
623	865	216	0	407	407
623	1163	274	0	349	349
623	1253	305	0	318	318
623	395	111	0	512	512
623	931	229	0	394	394
623	196	56	0	567	567
623	169	49	0	574	574
623	604	157	0	466	466
623	453	126	0	497	497
623	1239	293	0	330	330
623	743	187	0	436	436
623	398	112	0	511	511
624	49	23	0	601	601
624	1164	275	0	349	349
624	1150	270	0	354	354
624	1152	271	0	353	353
624	999	242	0	382	382
624	91	34	0	590	590
624	1077	256	0	368	368
624	1251	305	0	319	319
624	854	212	0	412	412
624	906	224	0	400	400
624	914	226	0	398	398
624	1269	308	0	316	316
624	170	49	0	575	575
624	130	42	0	582	582
624	770	196	0	428	428
624	634	163	0	461	461
624	808	204	0	420	420
624	964	236	0	388	388
624	366	101	0	523	523
625	1012	245	0	380	380
625	215	59	11	555	566
625	209	58	12	555	567
625	263	76	0	549	549
625	467	131	3	491	494
625	461	130	4	491	495
625	1161	274	0	351	351
625	696	179	0	446	446
625	361	100	0	525	525
625	431	119	3	503	506
625	748	189	0	436	436
625	1244	302	0	323	323
626	32	19	0	607	607
626	870	217	0	409	409
626	472	132	0	494	494
626	715	183	0	443	443
626	101	35	0	591	591
626	1054	252	0	374	374
626	124	41	0	585	585
626	328	94	0	532	532
626	368	101	0	525	525
626	322	93	0	533	533
626	570	151	0	475	475
626	648	167	0	459	459
626	149	45	24	557	581
626	786	199	0	427	427
626	848	211	0	415	415
627	636	165	0	462	462
627	299	87	0	540	540
627	203	57	13	557	570
627	688	175	0	452	452
627	479	133	169	325	494
627	802	203	0	424	424
627	958	235	0	392	392
627	944	231	0	396	396
627	413	116	5	506	511
627	616	159	0	468	468
627	658	168	0	459	459
627	1019	246	81	300	381
627	760	191	0	436	436
627	764	192	0	435	435
628	1013	245	82	301	383
628	1211	283	46	299	345
628	1205	282	47	299	346
628	1199	281	48	299	347
628	1097	260	67	301	368
628	1091	259	68	301	369
628	1193	280	49	299	348
628	1187	279	50	299	349
628	1216	284	0	344	344
628	1133	267	61	300	361
628	314	92	0	536	536
628	419	117	5	506	511
628	1240	293	0	335	335
628	526	142	0	486	486
628	218	60	0	568	568
628	571	151	0	477	477
628	709	182	0	446	446
629	521	140	0	489	489
629	512	139	0	490	490
629	412	116	0	513	513
629	216	60	0	569	569
629	208	58	0	571	571
629	1218	285	0	344	344
629	755	190	131	308	439
629	749	189	132	308	440
629	984	240	0	389	389
629	990	241	0	388	388
629	1230	292	0	337	337
629	46	22	0	607	607
630	1276	312	0	318	318
630	839	209	114	307	421
630	833	208	115	307	422
630	827	207	116	307	423
630	288	85	0	545	545
630	234	72	0	558	558
630	545	145	159	326	485
630	761	191	130	309	439
630	1262	307	0	323	323
631	356	99	0	532	532
631	1120	264	0	367	367
631	1083	257	0	374	374
631	430	119	0	512	512
631	92	34	0	597	597
632	191	55	14	563	577
632	185	54	15	563	578
632	177	50	0	582	582
632	1034	249	44	339	383
632	622	160	0	472	472
633	650	167	0	466	466
633	286	82	0	551	551
633	1112	263	35	335	370
633	1190	280	20	333	353
633	278	81	3	549	552
635	77	27	0	608	608
635	985	240	0	395	395
635	235	72	0	563	563
635	487	135	0	500	500
635	721	184	0	451	451
635	83	30	2	603	605
635	418	117	0	518	518
635	397	112	0	523	523
635	511	139	0	496	496
635	1069	255	0	380	380
635	1219	285	0	350	350
635	569	150	0	485	485
635	212	59	8	568	576
635	197	56	14	565	579
635	274	80	0	555	555
635	670	172	0	463	463
635	432	123	0	512	512
636	316	92	0	544	544
636	912	226	0	410	410
636	494	136	0	500	500
636	252	75	0	561	561
636	473	132	3	501	504
636	1090	259	0	377	377
636	538	144	0	492	492
636	425	118	4	514	518
636	741	187	0	449	449
636	783	198	0	438	438
636	1186	279	0	357	357
636	1154	271	0	365	365
636	1031	248	79	309	388
636	1025	247	80	309	389
636	676	173	0	463	463
636	1067	254	73	309	382
636	1061	253	74	309	383
636	1055	252	75	309	384
636	838	209	0	427	427
637	904	223	0	414	414
637	587	154	150	333	483
637	592	155	0	482	482
637	1103	261	66	310	376
637	165	48	0	589	589
637	519	140	0	497	497
637	862	215	0	422	422
637	506	138	0	499	499
637	488	135	0	502	502
637	907	224	0	413	413
637	866	216	0	421	421
637	268	79	0	558	558
637	840	210	0	427	427
637	1060	253	0	384	384
637	1084	257	16	364	380
637	1042	250	0	387	387
637	1068	255	1	381	382
637	1282	313	0	324	324
637	1030	248	0	389	389
637	803	203	120	314	434
638	905	223	102	313	415
638	899	222	103	313	416
638	924	228	0	410	410
638	1145	269	59	310	369
638	971	237	89	312	401
638	80	30	2	606	608
638	125	41	27	570	597
638	983	239	87	312	399
638	352	98	0	540	540
638	410	116	1	521	522
638	836	209	6	423	429
638	970	237	0	401	401
638	872	217	0	421	421
638	1286	314	0	324	324
638	846	211	0	427	427
638	852	212	0	426	426
638	470	132	0	506	506
638	1274	312	0	326	326
638	335	95	1	542	543
638	351	98	0	540	540
639	36	20	0	619	619
639	112	39	0	600	600
639	638	165	0	474	474
639	54	24	0	615	615
639	60	25	0	614	614
639	113	39	29	571	600
639	136	43	0	596	596
639	1010	245	47	347	394
639	1016	246	46	347	393
639	890	221	6	412	418
639	896	222	5	412	417
639	48	23	0	616	616
639	716	183	0	456	456
639	446	125	0	514	514
639	344	97	0	542	542
639	158	47	0	592	592
640	290	85	0	555	555
640	310	89	0	551	551
640	86	32	0	608	608
640	62	25	0	615	615
640	637	165	0	475	475
640	227	62	0	578	578
640	943	231	0	409	409
640	107	36	0	604	604
640	179	50	0	590	590
640	289	85	0	555	555
640	544	145	0	495	495
640	168	49	0	591	591
640	225	62	0	578	578
640	1242	302	0	338	338
640	253	75	0	565	565
640	1179	277	0	363	363
640	1040	250	46	344	390
640	1294	315	0	325	325
641	763	192	0	449	449
641	550	146	0	495	495
641	272	80	4	557	561
641	266	79	4	558	562
641	1292	315	2	324	326
641	1280	313	0	328	328
641	920	227	0	414	414
641	1139	268	60	313	373
641	308	89	0	552	552
641	119	40	28	573	601
641	1022	247	45	349	394
641	30	19	0	622	622
641	249	74	278	289	567
641	255	75	277	289	566
641	909	224	134	283	417
641	915	226	132	283	415
641	921	227	131	283	414
641	513	139	218	284	502
641	555	147	210	284	494
641	1300	316	0	325	325
642	394	111	0	531	531
642	320	93	0	549	549
642	1049	251	76	315	391
642	1043	250	77	315	392
642	568	150	1	491	492
642	580	152	11	479	490
642	842	210	0	432	432
642	980	239	52	351	403
642	444	125	0	517	517
642	275	80	6	556	562
642	76	27	1	614	615
642	674	173	22	447	469
642	69	26	323	293	616
642	1228	291	0	351	351
642	194	56	11	575	586
643	1000	242	0	401	401
643	940	230	0	413	413
643	311	89	3	551	554
643	323	93	0	550	550
643	202	57	0	586	586
643	809	204	119	320	439
643	965	236	90	317	407
643	536	144	24	475	499
643	246	74	0	569	569
643	784	198	0	445	445
643	902	223	5	415	420
643	884	220	7	416	423
643	796	200	0	443	443
644	1270	308	0	336	336
644	1252	305	0	339	339
644	806	204	10	430	440
644	812	205	9	430	439
644	1173	276	83	285	368
644	1167	275	84	285	369
645	380	104	3	538	541
645	542	145	27	473	500
645	590	155	25	465	490
645	927	228	130	287	417
645	387	108	246	291	537
646	742	187	0	459	459
646	1221	285	74	287	361
646	87	32	317	297	614
646	765	192	166	288	454
646	987	240	118	288	406
646	945	231	127	288	415
646	57	24	324	298	622
646	51	23	325	298	623
647	1005	243	0	404	404
647	861	215	0	432	432
647	99	35	0	612	612
647	184	54	0	593	593
647	261	76	0	571	571
647	552	147	0	500	500
647	82	30	0	617	617
647	50	23	0	624	624
647	375	102	0	545	545
647	554	147	0	500	500
647	1102	261	0	386	386
647	1232	292	0	355	355
647	864	216	0	431	431
647	66	26	0	621	621
647	774	197	0	450	450
648	527	142	161	345	506
648	551	146	158	344	502
648	105	36	0	612	612
648	1114	263	0	385	385
648	1138	268	0	380	380
648	598	156	0	492	492
648	635	163	142	343	485
648	142	44	0	604	604
648	698	179	0	469	469
648	768	196	0	452	452
648	762	192	0	456	456
648	708	182	0	466	466
648	287	82	4	562	566
648	1289	314	18	316	334
648	1283	313	19	316	335
648	1277	312	20	316	336
648	586	154	0	494	494
648	826	207	0	441	441
648	887	220	104	324	428
648	832	208	0	440	440
649	820	206	0	443	443
649	560	149	0	500	500
649	530	143	24	482	506
649	918	227	0	422	422
649	886	220	0	429	429
649	1118	264	34	351	385
649	1124	265	33	351	384
649	1064	254	43	352	395
649	1184	279	21	349	370
649	532	143	0	506	506
649	959	235	91	323	414
649	1127	265	62	322	384
649	830	208	7	434	441
649	338	96	0	553	553
649	1028	248	45	356	401
649	422	118	2	529	531
649	416	117	3	529	532
649	746	189	11	449	460
649	1096	260	0	389	389
649	334	95	0	554	554
650	968	237	53	360	413
650	974	238	52	360	412
650	1196	281	19	350	369
650	1166	275	0	375	375
650	1204	282	0	368	368
650	110	39	7	604	611
650	122	41	6	603	609
650	128	42	8	600	608
650	728	185	0	465	465
650	722	184	0	466	466
650	1288	314	0	336	336
650	694	176	0	474	474
650	386	108	0	542	542
650	524	142	25	483	508
650	1037	249	78	323	401
650	1151	270	58	322	380
650	248	74	0	576	576
651	951	232	0	419	419
651	134	43	10	598	608
651	140	44	9	598	607
651	254	75	0	576	576
651	818	206	8	437	445
651	824	207	7	437	444
651	880	218	0	433	433
651	116	40	6	605	611
651	118	40	0	611	611
651	4	1	3	647	650
652	25	13	0	639	639
652	558	149	0	503	503
652	930	229	0	423	423
652	143	44	24	584	608
652	137	43	25	584	609
652	131	42	26	584	610
652	1260	307	0	345	345
652	732	186	0	466	466
652	628	161	0	491	491
652	572	151	0	501	501
652	605	157	147	348	495
652	599	156	148	348	496
652	593	155	149	348	497
652	56	24	0	628	628
652	206	58	9	585	594
652	1210	283	0	369	369
652	1220	285	0	367	367
652	1217	284	45	323	368
652	262	76	0	576	576
652	460	130	0	522	522
653	243	73	0	580	580
653	680	174	21	458	479
653	668	172	22	459	481
653	1198	281	0	372	372
653	1155	271	88	294	382
653	706	181	0	472	472
653	1006	243	0	410	410
653	106	36	0	617	617
653	421	118	0	535	535
653	483	134	223	296	519
653	1078	256	17	380	397
653	835	209	0	444	444
653	1291	315	0	338	338
653	631	163	0	490	490
653	625	161	1	491	492
653	298	87	0	566	566
653	79	30	0	623	623
653	933	229	129	295	424
654	686	175	20	459	479
654	458	130	0	524	524
654	720	184	0	470	470
654	711	182	175	297	472
654	428	119	2	533	535
654	601	157	0	497	497
654	427	119	0	535	535
654	345	97	257	300	557
655	339	96	258	301	559
655	691	176	0	479	479
655	967	237	0	418	418
655	523	142	0	513	513
655	190	55	0	600	600
655	148	45	0	610	610
655	986	240	0	415	415
655	482	134	0	521	521
655	1024	247	0	408	408
655	1048	251	0	404	404
655	317	92	0	563	563
655	156	47	0	608	608
655	26	13	0	642	642
656	1018	246	0	410	410
656	424	118	0	538	538
656	454	126	0	530	530
656	976	238	0	418	418
656	926	228	0	428	428
656	932	229	0	427	427
656	332	95	1	560	561
656	1070	255	0	401	401
656	510	139	0	517	517
656	504	138	0	518	518
656	226	62	0	594	594
656	898	222	0	434	434
656	68	26	0	630	630
656	992	241	0	415	415
656	626	161	20	475	495
656	632	163	18	475	493
656	629	161	143	352	495
656	623	160	144	352	496
656	617	159	145	352	497
656	611	158	146	352	498
657	492	136	0	521	521
657	1142	269	30	358	388
657	1148	270	29	358	387
657	382	104	0	553	553
657	396	112	0	545	545
657	726	185	0	472	472
657	464	131	0	526	526
657	596	156	24	477	501
657	602	157	23	477	500
657	608	158	22	477	499
657	962	236	54	367	421
657	269	79	6	572	578
657	329	94	2	561	563
657	814	205	0	452	452
657	956	235	55	367	422
657	1136	268	30	359	389
657	1088	259	38	360	398
657	1094	260	37	360	397
657	1100	261	36	360	396
657	1046	251	45	361	406
658	1052	252	44	362	406
658	1058	253	43	362	405
658	982	239	0	419	419
658	1172	276	0	382	382
658	1192	280	0	378	378
658	908	224	0	434	434
658	758	191	19	448	467
658	495	136	221	301	522
658	489	135	222	301	523
658	115	40	0	618	618
658	1066	254	0	404	404
658	466	131	0	527	527
658	942	231	0	427	427
658	362	100	0	558	558
658	336	96	0	562	562
658	211	59	0	599	599
658	304	88	0	570	570
658	789	199	159	300	459
658	777	197	161	300	461
658	771	196	162	300	462
659	399	112	243	304	547
659	435	123	233	303	536
659	735	186	172	301	473
659	729	185	173	301	474
659	1201	282	0	377	377
659	406	113	0	546	546
659	1297	316	0	343	343
659	685	175	0	484	484
659	187	55	0	604	604
659	181	54	0	605	605
659	1233	292	67	300	367
659	1245	302	58	299	357
659	1263	307	54	298	352
659	717	183	174	302	476
659	533	143	161	355	516
659	539	144	160	355	515
659	214	59	0	600	600
659	855	212	146	301	447
660	849	211	147	302	449
660	843	210	148	302	450
660	651	167	190	303	493
660	639	165	192	303	495
660	573	151	206	303	509
660	507	138	219	303	522
660	93	34	315	311	626
660	961	236	0	424	424
660	955	235	0	425	425
660	1170	276	0	384	384
660	692	176	20	464	484
660	200	57	10	593	603
660	1106	262	35	363	398
660	662	171	21	468	489
661	384	108	0	553	553
661	502	137	0	524	524
661	646	166	0	495	495
661	710	182	0	479	479
661	38	20	0	641	641
661	376	102	3	556	559
661	614	159	21	481	502
661	620	160	20	481	501
661	800	203	11	447	458
661	1180	277	10	374	384
661	682	174	0	487	487
661	244	73	0	588	588
661	457	130	0	531	531
661	541	145	0	516	516
661	193	56	0	605	605
661	236	72	0	589	589
661	360	100	0	561	561
661	529	143	0	518	518
662	776	197	0	465	465
662	1257	306	55	301	356
662	447	125	231	306	537
662	723	184	173	305	478
662	520	140	1	521	522
662	1214	284	16	362	378
662	1208	283	17	362	379
662	1202	282	18	362	380
663	475	133	0	530	530
663	1273	312	0	351	351
663	561	149	208	306	514
663	752	190	13	460	473
663	146	45	9	609	618
663	19	4	0	659	659
663	476	133	1	529	530
663	178	50	0	613	613
663	100	35	0	628	628
663	326	94	0	569	569
663	182	54	12	597	609
663	188	55	11	597	608
664	1162	274	13	377	390
664	699	179	178	307	485
664	463	131	0	533	533
664	1087	259	2	403	405
664	63	25	324	315	639
664	171	49	301	314	615
664	159	47	303	314	617
664	153	46	304	314	618
664	805	204	0	460	460
664	799	203	0	461	461
664	219	60	290	314	604
664	237	72	279	313	592
664	291	85	267	312	579
664	313	92	0	572	572
664	873	217	141	306	447
664	867	216	142	306	448
664	121	41	0	623	623
664	548	146	31	487	518
664	232	63	2	599	601
664	1117	264	2	398	400
665	1147	270	0	395	395
665	745	189	0	476	476
665	535	144	0	521	521
665	952	232	0	433	433
665	33	19	0	646	646
665	979	239	0	426	426
665	1099	261	2	402	404
665	1298	316	2	347	349
665	166	48	0	617	617
665	284	82	2	581	583
665	1071	255	104	306	410
665	589	155	1	509	510
666	1021	247	1	418	419
666	895	222	0	444	444
666	883	220	0	446	446
666	379	104	0	562	562
666	1130	267	31	368	399
666	584	154	25	487	512
666	811	205	0	461	461
666	1051	252	2	412	414
666	1183	279	0	387	387
666	829	208	0	458	458
666	442	124	0	542	542
666	619	160	0	506	506
666	1105	262	2	402	404
666	1129	267	0	399	399
666	469	132	0	534	534
666	679	174	0	492	492
666	238	72	0	594	594
666	70	26	0	640	640
666	400	112	0	554	554
666	205	58	0	608	608
667	388	108	0	559	559
667	1033	249	1	417	418
667	934	229	0	438	438
667	790	199	0	468	468
667	357	99	255	313	568
667	363	100	254	313	567
667	369	101	253	313	566
667	1141	269	0	398	398
667	757	191	0	476	476
667	1189	280	0	387	387
667	1195	281	0	386	386
667	39	20	0	647	647
668	547	146	0	522	522
668	1045	251	1	416	417
668	1093	260	3	405	408
668	1057	253	2	413	415
668	817	206	0	462	462
668	1213	284	0	384	384
668	1063	254	2	412	414
668	823	207	0	461	461
668	199	57	0	611	611
668	133	43	0	625	625
668	889	221	0	447	447
668	283	82	0	586	586
668	993	241	118	309	427
668	1222	285	0	383	383
668	661	171	0	497	497
668	667	172	0	496	496
668	292	85	0	583	583
668	652	167	0	501	501
668	1258	306	0	362	362
668	220	60	0	608	608
669	127	42	0	627	627
669	613	159	0	510	510
669	331	95	0	574	574
669	1027	248	1	420	421
669	34	19	0	650	650
669	595	156	0	513	513
669	484	134	0	535	535
669	307	89	0	580	580
669	751	190	0	479	479
669	673	173	0	496	496
669	1039	250	1	418	419
669	1111	263	2	404	406
669	1009	245	1	423	424
669	277	81	0	588	588
669	1156	271	0	398	398
669	64	25	0	644	644
669	1234	292	0	377	377
669	901	223	0	446	446
669	145	45	0	624	624
670	94	34	0	636	636
670	52	23	0	647	647
670	325	94	0	576	576
670	973	238	0	432	432
670	583	154	1	515	516
670	415	117	0	553	553
670	109	39	0	631	631
670	319	93	0	577	577
670	13	3	7	660	667
670	27	13	0	657	657
670	271	80	0	590	590
670	265	79	0	591	591
670	409	116	0	554	554
670	607	158	0	512	512
670	1123	265	2	403	405
670	1135	268	0	402	402
670	139	44	0	626	626
670	1207	283	0	387	387
670	868	216	0	454	454
670	874	217	0	453	453
671	1246	302	0	369	369
671	1015	246	1	424	425
671	1072	255	0	416	416
671	946	231	0	440	440
671	250	74	0	597	597
671	1285	314	0	357	357
671	1279	313	0	358	358
671	988	240	0	431	431
671	718	183	0	488	488
671	712	182	0	489	489
671	490	135	0	536	536
671	58	24	0	647	647
671	172	49	0	622	622
671	928	228	0	443	443
671	994	241	0	430	430
671	508	138	0	533	533
671	346	97	0	574	574
671	16	3	1	667	668
671	40	20	0	651	651
671	1264	307	0	364	364
672	574	151	0	521	521
672	922	227	0	445	445
672	556	147	0	525	525
672	640	165	0	507	507
672	778	197	0	475	475
672	916	226	0	446	446
672	1168	275	0	397	397
672	1174	276	0	396	396
672	724	184	0	488	488
672	910	224	0	448	448
672	88	32	0	640	640
672	340	96	0	576	576
672	160	47	0	625	625
672	154	46	0	626	626
672	562	149	0	523	523
672	256	75	0	597	597
672	856	212	0	460	460
672	514	139	0	533	533
672	496	136	0	536	536
672	772	196	0	476	476
673	844	210	0	463	463
673	700	179	0	494	494
673	364	100	0	573	573
673	436	123	0	550	550
673	850	211	0	462	462
673	358	99	0	574	574
673	448	125	0	548	548
673	370	101	0	572	572
673	736	186	0	487	487
673	730	185	0	488	488
673	766	192	0	481	481

=============================================================

Alien Army Won The Battle

=============================================================

Earth Statistics:
ES Count-> 47
ET Count-> 259
EG Count-> 891
Heal Units -> 0

ES_destructed:ES_total-> 95.7447%
EG_destructed:EG_total-> 100%
ET_destructed:ET_total-> 6.17761%

Infection states: 
Total Infected Units : 47
Infection Percentage : 0%


Total Destructed Earth Units : Total Earth Units-> 79.5322%
Total Units in UML : Total Earth Units->20.4678%

Healed Units : Total Earth Units-> 8.77193%

Average of Df-> 23.2353
Average of Db-> 452.172
Average of Dd-> 428.937

Df / Db = 5.13859%
Dd / Db = 94.8614%

=============================================================

Alien Statistics:
AS Count-> 466
AD Count-> 1690
AM Count-> 946

AS_destructed:AS_total-> 15.2361%
AD_destructed:AD_total-> 0%
AM_destructed:AM_total-> 1.05708%

Total Destructed Alien Units : Total Alien Units-> 2.61122%

Average of Df-> 3.7284
Average of Db-> 84.0741
Average of Dd-> 80.3457

Df / Db = 4.43465%
Dd / Db = 95.5653%
