Total Simulation steps: 42
Td	ID	Tj	Df	Dd	Db
3	8	0	3	0	3
3	10	0	3	0	3
3	14	0	3	0	3
3	17	0	3	0	3
3	21	0	3	0	3
3	22	0	3	0	3
3	23	0	3	0	3
3	26	0	3	0	3
3	27	0	3	0	3
3	35	0	3	0	3
3	39	0	3	0	3
3	40	0	3	0	3
3	42	0	3	0	3
3	43	0	3	0	3
3	45	0	3	0	3
3	53	0	3	0	3
3	56	0	3	0	3
3	58	0	3	0	3
3	65	0	3	0	3
3	66	0	3	0	3
3	69	0	3	0	3
3	71	0	3	0	3
3	72	0	3	0	3
3	75	0	3	0	3
3	77	0	3	0	3
3	80	0	3	0	3
3	82	0	3	0	3
3	85	0	3	0	3
3	86	0	3	0	3
3	3	0	3	0	3
3	4	0	3	0	3
3	92	2	1	0	1
3	93	2	1	0	1
3	94	2	1	0	1
3	96	2	1	0	1
3	98	2	1	0	1
3	99	2	1	0	1
3	102	2	1	0	1
3	106	2	1	0	1
3	113	2	1	0	1
3	116	2	1	0	1
3	117	2	1	0	1
3	123	2	1	0	1
3	124	2	1	0	1
3	125	2	1	0	1
3	127	2	1	0	1
3	128	2	1	0	1
3	129	2	1	0	1
3	131	2	1	0	1
3	134	2	1	0	1
3	137	2	1	0	1
3	139	2	1	0	1
3	141	2	1	0	1
3	143	2	1	0	1
3	147	2	1	0	1
3	155	2	1	0	1
3	156	2	1	0	1
3	158	2	1	0	1
3	159	2	1	0	1
3	162	2	1	0	1
3	163	2	1	0	1
3	164	2	1	0	1
3	166	2	1	0	1
3	168	2	1	0	1
3	174	2	1	0	1
3	175	2	1	0	1
3	176	2	1	0	1
3	178	2	1	0	1
3	6	0	3	0	3
3	7	0	3	0	3
3	142	2	1	0	1
3	64	0	3	0	3
3	76	0	3	0	3
3	19	0	3	0	3
3	25	0	3	0	3
3	172	2	1	0	1
3	11	0	3	0	3
3	167	2	1	0	1
3	31	0	3	0	3
3	165	2	1	0	1
3	150	2	1	0	1
3	0	0	3	0	3
3	36	0	3	0	3
3	81	0	3	0	3
3	70	0	3	0	3
3	84	0	3	0	3
3	95	2	1	0	1
3	145	2	1	0	1
3	160	2	1	0	1
3	32	0	3	0	3
3	170	2	1	0	1
3	52	0	3	0	3
3	55	0	3	0	3
3	104	2	1	0	1
3	171	2	1	0	1
3	153	2	1	0	1
3	151	2	1	0	1
3	149	2	1	0	1
3	148	2	1	0	1
3	136	2	1	0	1
3	135	2	1	0	1
3	132	2	1	0	1
3	130	2	1	0	1
3	126	2	1	0	1
3	120	2	1	0	1
3	114	2	1	0	1
3	112	2	1	0	1
3	111	2	1	0	1
3	110	2	1	0	1
3	109	2	1	0	1
3	103	2	1	0	1
3	100	2	1	0	1
3	91	2	1	0	1
3	83	0	3	0	3
3	78	0	3	0	3
3	74	0	3	0	3
3	73	0	3	0	3
3	62	0	3	0	3
3	54	0	3	0	3
3	49	0	3	0	3
3	46	0	3	0	3
3	33	0	3	0	3
3	18	0	3	0	3
3	15	0	3	0	3
3	9	0	3	0	3
3	5	0	3	0	3
3	1	0	3	0	3
3	154	2	1	0	1
3	38	0	3	0	3
3	50	0	3	0	3
3	157	2	1	0	1
3	2	0	3	0	3
3	97	2	1	0	1
3	61	0	3	0	3
3	133	2	1	0	1
3	59	0	3	0	3
3	67	0	3	0	3
3	146	2	1	0	1
3	90	2	1	0	1
3	87	0	3	0	3
3	63	0	3	0	3
3	44	0	3	0	3
3	144	2	1	0	1
3	108	2	1	0	1
4	179	2	NaN	NaN	NaN
4	28	0	3	1	4
4	20	0	3	1	4
4	13	0	3	1	4
4	12	0	3	1	4
5	173	2	NaN	NaN	NaN
5	48	0	3	2	5
5	41	0	3	2	5
5	37	0	3	2	5
5	34	0	3	2	5
5	47	0	3	2	5
5	30	0	3	2	5
6	122	2	NaN	NaN	NaN
6	101	2	1	3	4
6	68	0	3	3	6
6	60	0	3	3	6
6	51	0	3	3	6
6	79	0	3	3	6
6	57	0	3	3	6
7	266	7	NaN	NaN	NaN
7	182	7	0	0	0
7	183	7	0	0	0
7	185	7	0	0	0
7	189	7	0	0	0
7	192	7	0	0	0
7	198	7	0	0	0
7	199	7	0	0	0
7	204	7	0	0	0
7	205	7	0	0	0
7	207	7	0	0	0
7	208	7	0	0	0
7	214	7	0	0	0
7	215	7	0	0	0
7	218	7	0	0	0
7	222	7	0	0	0
7	229	7	0	0	0
7	230	7	0	0	0
7	234	7	0	0	0
7	235	7	0	0	0
7	237	7	0	0	0
7	242	7	0	0	0
7	244	7	0	0	0
7	248	7	0	0	0
7	252	7	0	0	0
7	253	7	0	0	0
7	255	7	0	0	0
7	256	7	0	0	0
7	260	7	0	0	0
7	264	7	0	0	0
7	269	7	0	0	0
7	181	7	0	0	0
7	226	7	0	0	0
7	202	7	0	0	0
7	267	7	0	0	0
7	246	7	0	0	0
7	265	7	0	0	0
7	194	7	0	0	0
7	201	7	0	0	0
7	211	7	0	0	0
7	236	7	0	0	0
7	239	7	0	0	0
7	188	7	0	0	0
7	227	7	0	0	0
7	258	7	0	0	0
7	262	7	0	0	0
7	240	7	0	0	0
7	241	7	0	0	0
7	261	7	0	0	0
7	119	2	1	4	5
7	118	2	1	4	5
7	115	2	1	4	5
7	107	2	1	4	5
7	263	7	0	0	0
7	233	7	0	0	0
7	224	7	0	0	0
7	220	7	0	0	0
7	217	7	0	0	0
7	216	7	0	0	0
7	212	7	0	0	0
7	206	7	0	0	0
7	196	7	0	0	0
7	193	7	0	0	0
7	191	7	0	0	0
7	190	7	0	0	0
7	268	7	0	0	0
7	221	7	0	0	0
7	251	7	0	0	0
7	245	7	0	0	0
7	259	7	0	0	0
7	186	7	0	0	0
7	238	7	0	0	0
7	223	7	0	0	0
7	243	7	0	0	0
7	247	7	0	0	0
7	213	7	0	0	0
7	138	2	1	4	5
7	121	2	1	4	5
8	356	8	NaN	NaN	NaN
8	272	8	0	0	0
8	273	8	0	0	0
8	275	8	0	0	0
8	279	8	0	0	0
8	282	8	0	0	0
8	288	8	0	0	0
8	289	8	0	0	0
8	294	8	0	0	0
8	295	8	0	0	0
8	297	8	0	0	0
8	298	8	0	0	0
8	304	8	0	0	0
8	305	8	0	0	0
8	308	8	0	0	0
8	309	8	0	0	0
8	312	8	0	0	0
8	315	8	0	0	0
8	318	8	0	0	0
8	319	8	0	0	0
8	320	8	0	0	0
8	322	8	0	0	0
8	324	8	0	0	0
8	325	8	0	0	0
8	327	8	0	0	0
8	332	8	0	0	0
8	334	8	0	0	0
8	338	8	0	0	0
8	342	8	0	0	0
8	343	8	0	0	0
8	344	8	0	0	0
8	345	8	0	0	0
8	346	8	0	0	0
8	350	8	0	0	0
8	354	8	0	0	0
8	359	8	0	0	0
8	271	8	0	0	0
8	254	7	0	1	1
8	228	7	0	1	1
8	225	7	0	1	1
8	219	7	0	1	1
8	232	7	0	1	1
8	358	8	0	0	0
8	311	8	0	0	0
8	316	8	0	0	0
8	292	8	0	0	0
8	341	8	0	0	0
8	335	8	0	0	0
8	357	8	0	0	0
8	336	8	0	0	0
8	276	8	0	0	0
8	313	8	0	0	0
8	349	8	0	0	0
8	355	8	0	0	0
8	328	8	0	0	0
8	284	8	0	0	0
8	291	8	0	0	0
8	301	8	0	0	0
8	326	8	0	0	0
8	329	8	0	0	0
8	333	8	0	0	0
8	278	8	0	0	0
8	337	8	0	0	0
8	303	8	0	0	0
8	317	8	0	0	0
8	348	8	0	0	0
8	352	8	0	0	0
8	330	8	0	0	0
8	331	8	0	0	0
8	351	8	0	0	0
8	140	2	1	5	6
8	353	8	0	0	0
8	340	8	0	0	0
8	339	8	0	0	0
8	323	8	0	0	0
8	314	8	0	0	0
8	310	8	0	0	0
8	307	8	0	0	0
8	306	8	0	0	0
8	302	8	0	0	0
8	299	8	0	0	0
8	296	8	0	0	0
8	293	8	0	0	0
8	290	8	0	0	0
8	287	8	0	0	0
8	286	8	0	0	0
8	283	8	0	0	0
8	281	8	0	0	0
8	280	8	0	0	0
8	277	8	0	0	0
8	270	8	0	0	0
9	446	9	NaN	NaN	NaN
9	362	9	0	0	0
9	363	9	0	0	0
9	365	9	0	0	0
9	372	9	0	0	0
9	378	9	0	0	0
9	379	9	0	0	0
9	384	9	0	0	0
9	387	9	0	0	0
9	388	9	0	0	0
9	394	9	0	0	0
9	395	9	0	0	0
9	410	9	0	0	0
9	415	9	0	0	0
9	417	9	0	0	0
9	422	9	0	0	0
9	424	9	0	0	0
9	432	9	0	0	0
9	433	9	0	0	0
9	435	9	0	0	0
9	436	9	0	0	0
9	444	9	0	0	0
9	449	9	0	0	0
9	361	9	0	0	0
9	406	9	0	0	0
9	382	9	0	0	0
9	447	9	0	0	0
9	426	9	0	0	0
9	366	9	0	0	0
9	403	9	0	0	0
9	445	9	0	0	0
9	374	9	0	0	0
9	381	9	0	0	0
9	391	9	0	0	0
9	416	9	0	0	0
9	419	9	0	0	0
9	423	9	0	0	0
9	368	9	0	0	0
9	427	9	0	0	0
9	393	9	0	0	0
9	407	9	0	0	0
9	438	9	0	0	0
9	442	9	0	0	0
9	420	9	0	0	0
9	421	9	0	0	0
9	441	9	0	0	0
9	180	7	0	2	2
9	29	0	3	6	9
9	169	2	1	6	7
9	161	2	1	6	7
9	152	2	1	6	7
9	443	9	0	0	0
9	430	9	0	0	0
9	429	9	0	0	0
9	413	9	0	0	0
9	404	9	0	0	0
9	400	9	0	0	0
9	397	9	0	0	0
9	396	9	0	0	0
9	392	9	0	0	0
9	389	9	0	0	0
9	386	9	0	0	0
9	383	9	0	0	0
9	380	9	0	0	0
9	377	9	0	0	0
9	376	9	0	0	0
9	373	9	0	0	0
9	371	9	0	0	0
9	370	9	0	0	0
9	360	9	0	0	0
9	448	9	0	0	0
9	401	9	0	0	0
9	431	9	0	0	0
9	425	9	0	0	0
9	439	9	0	0	0
9	418	9	0	0	0
9	177	2	1	6	7
10	536	10	NaN	NaN	NaN
10	452	10	0	0	0
10	453	10	0	0	0
10	455	10	0	0	0
10	462	10	0	0	0
10	468	10	0	0	0
10	469	10	0	0	0
10	474	10	0	0	0
10	477	10	0	0	0
10	478	10	0	0	0
10	484	10	0	0	0
10	500	10	0	0	0
10	505	10	0	0	0
10	507	10	0	0	0
10	512	10	0	0	0
10	514	10	0	0	0
10	522	10	0	0	0
10	523	10	0	0	0
10	525	10	0	0	0
10	526	10	0	0	0
10	534	10	0	0	0
10	539	10	0	0	0
10	451	10	0	0	0
10	428	9	0	1	1
10	414	9	0	1	1
10	409	9	0	1	1
10	398	9	0	1	1
10	369	9	0	1	1
10	472	10	0	0	0
10	516	10	0	0	0
10	464	10	0	0	0
10	471	10	0	0	0
10	481	10	0	0	0
10	506	10	0	0	0
10	458	10	0	0	0
10	497	10	0	0	0
10	532	10	0	0	0
10	510	10	0	0	0
10	511	10	0	0	0
10	531	10	0	0	0
10	533	10	0	0	0
10	494	10	0	0	0
10	490	10	0	0	0
10	487	10	0	0	0
10	486	10	0	0	0
10	482	10	0	0	0
10	476	10	0	0	0
10	466	10	0	0	0
10	463	10	0	0	0
10	461	10	0	0	0
10	460	10	0	0	0
10	538	10	0	0	0
10	491	10	0	0	0
10	496	10	0	0	0
10	521	10	0	0	0
10	515	10	0	0	0
10	529	10	0	0	0
10	537	10	0	0	0
10	508	10	0	0	0
10	456	10	0	0	0
10	493	10	0	0	0
10	535	10	0	0	0
10	517	10	0	0	0
10	513	10	0	0	0
10	509	10	0	0	0
10	483	10	0	0	0
10	528	10	0	0	0
11	527	10	NaN	NaN	NaN
11	485	10	0	1	1
11	492	10	0	1	1
11	518	10	0	1	1
11	504	10	0	1	1
11	499	10	0	1	1
11	488	10	0	1	1
12	501	10	NaN	NaN	NaN
12	402	9	0	3	3
12	459	10	0	2	2
12	385	9	0	3	3
12	440	9	0	3	3
12	475	10	0	2	2
12	434	9	0	3	3
13	480	10	NaN	NaN	NaN
13	408	9	0	4	4
13	405	9	0	4	4
13	399	9	0	4	4
13	530	10	0	3	3
13	524	10	0	3	3
14	626	14	NaN	NaN	NaN
14	542	14	0	0	0
14	543	14	0	0	0
14	545	14	0	0	0
14	549	14	0	0	0
14	552	14	0	0	0
14	558	14	0	0	0
14	559	14	0	0	0
14	564	14	0	0	0
14	565	14	0	0	0
14	567	14	0	0	0
14	568	14	0	0	0
14	574	14	0	0	0
14	575	14	0	0	0
14	578	14	0	0	0
14	579	14	0	0	0
14	582	14	0	0	0
14	585	14	0	0	0
14	588	14	0	0	0
14	589	14	0	0	0
14	590	14	0	0	0
14	592	14	0	0	0
14	594	14	0	0	0
14	595	14	0	0	0
14	597	14	0	0	0
14	602	14	0	0	0
14	604	14	0	0	0
14	608	14	0	0	0
14	612	14	0	0	0
14	613	14	0	0	0
14	614	14	0	0	0
14	615	14	0	0	0
14	616	14	0	0	0
14	620	14	0	0	0
14	624	14	0	0	0
14	629	14	0	0	0
14	541	14	0	0	0
14	498	10	0	4	4
14	495	10	0	4	4
14	412	9	0	5	5
14	489	10	0	4	4
14	502	10	0	4	4
14	628	14	0	0	0
14	581	14	0	0	0
14	586	14	0	0	0
14	562	14	0	0	0
14	611	14	0	0	0
14	605	14	0	0	0
14	627	14	0	0	0
14	606	14	0	0	0
14	546	14	0	0	0
14	583	14	0	0	0
14	619	14	0	0	0
14	625	14	0	0	0
14	598	14	0	0	0
14	554	14	0	0	0
14	561	14	0	0	0
14	571	14	0	0	0
14	596	14	0	0	0
14	599	14	0	0	0
14	603	14	0	0	0
14	548	14	0	0	0
14	607	14	0	0	0
14	573	14	0	0	0
14	587	14	0	0	0
14	618	14	0	0	0
14	622	14	0	0	0
14	600	14	0	0	0
14	601	14	0	0	0
14	621	14	0	0	0
14	187	7	0	7	7
14	623	14	0	0	0
14	610	14	0	0	0
14	609	14	0	0	0
14	593	14	0	0	0
14	584	14	0	0	0
14	580	14	0	0	0
14	577	14	0	0	0
14	576	14	0	0	0
14	572	14	0	0	0
14	569	14	0	0	0
14	566	14	0	0	0
14	563	14	0	0	0
14	560	14	0	0	0
14	557	14	0	0	0
14	556	14	0	0	0
14	553	14	0	0	0
14	551	14	0	0	0
14	550	14	0	0	0
14	547	14	0	0	0
14	540	14	0	0	0
15	716	15	NaN	NaN	NaN
15	632	15	0	0	0
15	633	15	0	0	0
15	635	15	0	0	0
15	639	15	0	0	0
15	642	15	0	0	0
15	648	15	0	0	0
15	649	15	0	0	0
15	654	15	0	0	0
15	655	15	0	0	0
15	657	15	0	0	0
15	658	15	0	0	0
15	664	15	0	0	0
15	665	15	0	0	0
15	668	15	0	0	0
15	672	15	0	0	0
15	679	15	0	0	0
15	680	15	0	0	0
15	684	15	0	0	0
15	685	15	0	0	0
15	687	15	0	0	0
15	692	15	0	0	0
15	694	15	0	0	0
15	698	15	0	0	0
15	702	15	0	0	0
15	703	15	0	0	0
15	705	15	0	0	0
15	706	15	0	0	0
15	714	15	0	0	0
15	719	15	0	0	0
15	631	15	0	0	0
15	676	15	0	0	0
15	652	15	0	0	0
15	717	15	0	0	0
15	696	15	0	0	0
15	636	15	0	0	0
15	673	15	0	0	0
15	715	15	0	0	0
15	644	15	0	0	0
15	651	15	0	0	0
15	661	15	0	0	0
15	686	15	0	0	0
15	689	15	0	0	0
15	693	15	0	0	0
15	638	15	0	0	0
15	697	15	0	0	0
15	663	15	0	0	0
15	677	15	0	0	0
15	708	15	0	0	0
15	712	15	0	0	0
15	690	15	0	0	0
15	691	15	0	0	0
15	711	15	0	0	0
15	209	7	0	8	8
15	203	7	0	8	8
15	200	7	0	8	8
15	197	7	0	8	8
15	713	15	0	0	0
15	700	15	0	0	0
15	699	15	0	0	0
15	683	15	0	0	0
15	674	15	0	0	0
15	670	15	0	0	0
15	667	15	0	0	0
15	666	15	0	0	0
15	662	15	0	0	0
15	659	15	0	0	0
15	656	15	0	0	0
15	653	15	0	0	0
15	650	15	0	0	0
15	647	15	0	0	0
15	646	15	0	0	0
15	643	15	0	0	0
15	641	15	0	0	0
15	640	15	0	0	0
15	630	15	0	0	0
15	718	15	0	0	0
15	671	15	0	0	0
15	701	15	0	0	0
15	695	15	0	0	0
15	709	15	0	0	0
15	688	15	0	0	0
16	806	16	NaN	NaN	NaN
16	722	16	0	0	0
16	723	16	0	0	0
16	725	16	0	0	0
16	729	16	0	0	0
16	732	16	0	0	0
16	738	16	0	0	0
16	739	16	0	0	0
16	744	16	0	0	0
16	745	16	0	0	0
16	747	16	0	0	0
16	748	16	0	0	0
16	754	16	0	0	0
16	755	16	0	0	0
16	758	16	0	0	0
16	762	16	0	0	0
16	769	16	0	0	0
16	770	16	0	0	0
16	774	16	0	0	0
16	775	16	0	0	0
16	777	16	0	0	0
16	782	16	0	0	0
16	784	16	0	0	0
16	788	16	0	0	0
16	792	16	0	0	0
16	793	16	0	0	0
16	795	16	0	0	0
16	796	16	0	0	0
16	804	16	0	0	0
16	809	16	0	0	0
16	721	16	0	0	0
16	710	15	0	1	1
16	704	15	0	1	1
16	678	15	0	1	1
16	675	15	0	1	1
16	669	15	0	1	1
16	682	15	0	1	1
16	766	16	0	0	0
16	742	16	0	0	0
16	807	16	0	0	0
16	786	16	0	0	0
16	763	16	0	0	0
16	805	16	0	0	0
16	734	16	0	0	0
16	741	16	0	0	0
16	751	16	0	0	0
16	776	16	0	0	0
16	779	16	0	0	0
16	783	16	0	0	0
16	728	16	0	0	0
16	787	16	0	0	0
16	753	16	0	0	0
16	767	16	0	0	0
16	798	16	0	0	0
16	802	16	0	0	0
16	780	16	0	0	0
16	781	16	0	0	0
16	801	16	0	0	0
16	803	16	0	0	0
16	790	16	0	0	0
16	789	16	0	0	0
16	773	16	0	0	0
16	764	16	0	0	0
16	760	16	0	0	0
16	757	16	0	0	0
16	756	16	0	0	0
16	752	16	0	0	0
16	749	16	0	0	0
16	746	16	0	0	0
16	743	16	0	0	0
16	736	16	0	0	0
16	733	16	0	0	0
16	731	16	0	0	0
16	730	16	0	0	0
16	808	16	0	0	0
16	761	16	0	0	0
16	791	16	0	0	0
16	785	16	0	0	0
16	799	16	0	0	0
16	778	16	0	0	0
16	726	16	0	0	0
17	896	17	NaN	NaN	NaN
17	812	17	0	0	0
17	813	17	0	0	0
17	815	17	0	0	0
17	819	17	0	0	0
17	822	17	0	0	0
17	828	17	0	0	0
17	829	17	0	0	0
17	834	17	0	0	0
17	835	17	0	0	0
17	837	17	0	0	0
17	838	17	0	0	0
17	844	17	0	0	0
17	845	17	0	0	0
17	848	17	0	0	0
17	852	17	0	0	0
17	859	17	0	0	0
17	860	17	0	0	0
17	864	17	0	0	0
17	865	17	0	0	0
17	867	17	0	0	0
17	872	17	0	0	0
17	874	17	0	0	0
17	878	17	0	0	0
17	882	17	0	0	0
17	883	17	0	0	0
17	885	17	0	0	0
17	886	17	0	0	0
17	890	17	0	0	0
17	894	17	0	0	0
17	899	17	0	0	0
17	811	17	0	0	0
17	800	16	0	1	1
17	794	16	0	1	1
17	768	16	0	1	1
17	765	16	0	1	1
17	759	16	0	1	1
17	772	16	0	1	1
17	851	17	0	0	0
17	856	17	0	0	0
17	832	17	0	0	0
17	897	17	0	0	0
17	876	17	0	0	0
17	816	17	0	0	0
17	853	17	0	0	0
17	889	17	0	0	0
17	895	17	0	0	0
17	868	17	0	0	0
17	824	17	0	0	0
17	831	17	0	0	0
17	841	17	0	0	0
17	866	17	0	0	0
17	869	17	0	0	0
17	873	17	0	0	0
17	818	17	0	0	0
17	877	17	0	0	0
17	843	17	0	0	0
17	857	17	0	0	0
17	888	17	0	0	0
17	892	17	0	0	0
17	870	17	0	0	0
17	871	17	0	0	0
17	891	17	0	0	0
17	893	17	0	0	0
17	880	17	0	0	0
17	879	17	0	0	0
17	863	17	0	0	0
17	854	17	0	0	0
17	850	17	0	0	0
17	847	17	0	0	0
17	846	17	0	0	0
17	842	17	0	0	0
17	839	17	0	0	0
17	836	17	0	0	0
17	833	17	0	0	0
17	830	17	0	0	0
17	827	17	0	0	0
17	826	17	0	0	0
17	823	17	0	0	0
17	821	17	0	0	0
17	820	17	0	0	0
17	810	17	0	0	0
17	898	17	0	0	0
17	881	17	0	0	0
17	875	17	0	0	0
18	986	18	NaN	NaN	NaN
18	902	18	0	0	0
18	903	18	0	0	0
18	905	18	0	0	0
18	912	18	0	0	0
18	918	18	0	0	0
18	919	18	0	0	0
18	924	18	0	0	0
18	927	18	0	0	0
18	928	18	0	0	0
18	934	18	0	0	0
18	950	18	0	0	0
18	955	18	0	0	0
18	957	18	0	0	0
18	962	18	0	0	0
18	964	18	0	0	0
18	972	18	0	0	0
18	975	18	0	0	0
18	976	18	0	0	0
18	984	18	0	0	0
18	989	18	0	0	0
18	901	18	0	0	0
18	884	17	0	1	1
18	858	17	0	1	1
18	855	17	0	1	1
18	849	17	0	1	1
18	862	17	0	1	1
18	941	18	0	0	0
18	946	18	0	0	0
18	922	18	0	0	0
18	987	18	0	0	0
18	966	18	0	0	0
18	906	18	0	0	0
18	943	18	0	0	0
18	979	18	0	0	0
18	985	18	0	0	0
18	958	18	0	0	0
18	914	18	0	0	0
18	921	18	0	0	0
18	931	18	0	0	0
18	956	18	0	0	0
18	959	18	0	0	0
18	963	18	0	0	0
18	908	18	0	0	0
18	967	18	0	0	0
18	933	18	0	0	0
18	947	18	0	0	0
18	978	18	0	0	0
18	982	18	0	0	0
18	960	18	0	0	0
18	961	18	0	0	0
18	981	18	0	0	0
18	367	9	0	9	9
18	983	18	0	0	0
18	970	18	0	0	0
18	969	18	0	0	0
18	953	18	0	0	0
18	944	18	0	0	0
18	940	18	0	0	0
18	937	18	0	0	0
18	936	18	0	0	0
18	932	18	0	0	0
18	929	18	0	0	0
18	926	18	0	0	0
18	923	18	0	0	0
18	920	18	0	0	0
18	917	18	0	0	0
18	916	18	0	0	0
18	913	18	0	0	0
18	911	18	0	0	0
18	910	18	0	0	0
18	900	18	0	0	0
18	988	18	0	0	0
18	971	18	0	0	0
18	965	18	0	0	0
19	1076	19	NaN	NaN	NaN
19	992	19	0	0	0
19	993	19	0	0	0
19	995	19	0	0	0
19	999	19	0	0	0
19	1002	19	0	0	0
19	1008	19	0	0	0
19	1009	19	0	0	0
19	1014	19	0	0	0
19	1015	19	0	0	0
19	1017	19	0	0	0
19	1018	19	0	0	0
19	1024	19	0	0	0
19	1025	19	0	0	0
19	1028	19	0	0	0
19	1029	19	0	0	0
19	1032	19	0	0	0
19	1035	19	0	0	0
19	1038	19	0	0	0
19	1039	19	0	0	0
19	1040	19	0	0	0
19	1042	19	0	0	0
19	1044	19	0	0	0
19	1045	19	0	0	0
19	1047	19	0	0	0
19	1052	19	0	0	0
19	1054	19	0	0	0
19	1058	19	0	0	0
19	1062	19	0	0	0
19	1063	19	0	0	0
19	1064	19	0	0	0
19	1065	19	0	0	0
19	1066	19	0	0	0
19	1070	19	0	0	0
19	1074	19	0	0	0
19	1079	19	0	0	0
19	991	19	0	0	0
19	935	18	0	1	1
19	942	18	0	1	1
19	968	18	0	1	1
19	954	18	0	1	1
19	949	18	0	1	1
19	1078	19	0	0	0
19	1031	19	0	0	0
19	1036	19	0	0	0
19	1012	19	0	0	0
19	1061	19	0	0	0
19	1055	19	0	0	0
19	1077	19	0	0	0
19	1056	19	0	0	0
19	996	19	0	0	0
19	1033	19	0	0	0
19	1069	19	0	0	0
19	1075	19	0	0	0
19	1048	19	0	0	0
19	1004	19	0	0	0
19	1011	19	0	0	0
19	1021	19	0	0	0
19	1046	19	0	0	0
19	1049	19	0	0	0
19	1053	19	0	0	0
19	998	19	0	0	0
19	1057	19	0	0	0
19	1023	19	0	0	0
19	1037	19	0	0	0
19	1068	19	0	0	0
19	1072	19	0	0	0
19	1050	19	0	0	0
19	1051	19	0	0	0
19	1071	19	0	0	0
19	1073	19	0	0	0
19	1060	19	0	0	0
19	1059	19	0	0	0
19	1043	19	0	0	0
19	1034	19	0	0	0
19	1030	19	0	0	0
19	1027	19	0	0	0
19	1026	19	0	0	0
19	1022	19	0	0	0
19	1019	19	0	0	0
19	1016	19	0	0	0
19	1013	19	0	0	0
19	1010	19	0	0	0
19	1007	19	0	0	0
19	1006	19	0	0	0
19	1003	19	0	0	0
19	1001	19	0	0	0
19	1000	19	0	0	0
19	997	19	0	0	0
19	990	19	0	0	0
19	973	18	0	1	1
20	1067	19	NaN	NaN	NaN
20	938	18	0	2	2
20	909	18	0	2	2
20	925	18	0	2	2
20	980	18	0	2	2
20	974	18	0	2	2
20	948	18	0	2	2
21	450	10	0	11	11
21	457	10	0	11	11
21	1041	19	NaN	NaN	NaN
21	945	18	0	3	3
21	939	18	0	3	3
21	952	18	0	3	3
22	467	10	0	12	12
22	470	10	0	12	12
22	473	10	0	12	12
22	479	10	0	12	12
22	503	10	0	12	12
22	519	10	0	12	12
22	1082	22	0	0	0
22	1083	22	0	0	0
22	1085	22	0	0	0
22	1089	22	0	0	0
22	1092	22	0	0	0
22	1098	22	0	0	0
22	1099	22	0	0	0
22	1104	22	0	0	0
22	1105	22	0	0	0
22	1107	22	0	0	0
22	1108	22	0	0	0
22	1114	22	0	0	0
22	1115	22	0	0	0
22	1118	22	0	0	0
22	1119	22	0	0	0
22	1122	22	0	0	0
22	1125	22	0	0	0
22	1128	22	0	0	0
22	1129	22	0	0	0
22	1130	22	0	0	0
22	1132	22	0	0	0
22	1134	22	0	0	0
22	1135	22	0	0	0
22	1137	22	0	0	0
22	1142	22	0	0	0
22	1144	22	0	0	0
22	1148	22	0	0	0
22	1152	22	0	0	0
22	1153	22	0	0	0
22	1154	22	0	0	0
22	1155	22	0	0	0
22	1156	22	0	0	0
22	1160	22	0	0	0
22	1164	22	0	0	0
22	1169	22	0	0	0
22	1081	22	0	0	0
22	1126	22	0	0	0
22	1102	22	0	0	0
22	1167	22	0	0	0
22	1146	22	0	0	0
22	1086	22	0	0	0
22	1123	22	0	0	0
22	1165	22	0	0	0
22	1094	22	0	0	0
22	1101	22	0	0	0
22	1111	22	0	0	0
22	1136	22	0	0	0
22	1139	22	0	0	0
22	1143	22	0	0	0
22	1088	22	0	0	0
22	1147	22	0	0	0
22	1113	22	0	0	0
22	1127	22	0	0	0
22	1158	22	0	0	0
22	1162	22	0	0	0
22	1140	22	0	0	0
22	1141	22	0	0	0
22	1161	22	0	0	0
22	1163	22	0	0	0
22	1150	22	0	0	0
22	1149	22	0	0	0
22	1133	22	0	0	0
22	1124	22	0	0	0
22	1120	22	0	0	0
22	1117	22	0	0	0
22	1116	22	0	0	0
22	1112	22	0	0	0
22	1109	22	0	0	0
22	1106	22	0	0	0
22	1103	22	0	0	0
22	1100	22	0	0	0
22	1097	22	0	0	0
22	1096	22	0	0	0
22	1093	22	0	0	0
22	1091	22	0	0	0
22	1090	22	0	0	0
22	1080	22	0	0	0
22	1168	22	0	0	0
22	1121	22	0	0	0
22	1151	22	0	0	0
22	1145	22	0	0	0
22	1159	22	0	0	0
22	1138	22	0	0	0
23	520	10	0	13	13
23	1256	23	NaN	NaN	NaN
23	1172	23	0	0	0
23	1173	23	0	0	0
23	1175	23	0	0	0
23	1179	23	0	0	0
23	1182	23	0	0	0
23	1188	23	0	0	0
23	1189	23	0	0	0
23	1194	23	0	0	0
23	1195	23	0	0	0
23	1197	23	0	0	0
23	1198	23	0	0	0
23	1204	23	0	0	0
23	1205	23	0	0	0
23	1208	23	0	0	0
23	1209	23	0	0	0
23	1212	23	0	0	0
23	1215	23	0	0	0
23	1218	23	0	0	0
23	1219	23	0	0	0
23	1220	23	0	0	0
23	1222	23	0	0	0
23	1224	23	0	0	0
23	1225	23	0	0	0
23	1227	23	0	0	0
23	1232	23	0	0	0
23	1234	23	0	0	0
23	1238	23	0	0	0
23	1242	23	0	0	0
23	1243	23	0	0	0
23	1244	23	0	0	0
23	1245	23	0	0	0
23	1246	23	0	0	0
23	1250	23	0	0	0
23	1254	23	0	0	0
23	1259	23	0	0	0
23	1171	23	0	0	0
23	1216	23	0	0	0
23	1192	23	0	0	0
23	1236	23	0	0	0
23	1255	23	0	0	0
23	1184	23	0	0	0
23	1191	23	0	0	0
23	1201	23	0	0	0
23	1226	23	0	0	0
23	1229	23	0	0	0
23	1178	23	0	0	0
23	1217	23	0	0	0
23	1252	23	0	0	0
23	1230	23	0	0	0
23	1231	23	0	0	0
23	1251	23	0	0	0
23	727	16	0	7	7
23	720	16	0	7	7
23	250	7	0	16	16
23	249	7	0	16	16
23	637	15	0	8	8
23	1253	23	0	0	0
23	1223	23	0	0	0
23	1214	23	0	0	0
23	1210	23	0	0	0
23	1207	23	0	0	0
23	1206	23	0	0	0
23	1202	23	0	0	0
23	1196	23	0	0	0
23	1186	23	0	0	0
23	1183	23	0	0	0
23	1181	23	0	0	0
23	1180	23	0	0	0
23	1258	23	0	0	0
23	1211	23	0	0	0
23	1241	23	0	0	0
23	1235	23	0	0	0
23	1249	23	0	0	0
23	1257	23	0	0	0
23	1228	23	0	0	0
23	1176	23	0	0	0
23	1213	23	0	0	0
23	1237	23	0	0	0
23	1233	23	0	0	0
23	1203	23	0	0	0
23	1248	23	0	0	0
24	1346	24	NaN	NaN	NaN
24	1262	24	0	0	0
24	1263	24	0	0	0
24	1265	24	0	0	0
24	1269	24	0	0	0
24	1272	24	0	0	0
24	1278	24	0	0	0
24	1279	24	0	0	0
24	1284	24	0	0	0
24	1287	24	0	0	0
24	1288	24	0	0	0
24	1294	24	0	0	0
24	1295	24	0	0	0
24	1298	24	0	0	0
24	1302	24	0	0	0
24	1309	24	0	0	0
24	1310	24	0	0	0
24	1314	24	0	0	0
24	1315	24	0	0	0
24	1317	24	0	0	0
24	1322	24	0	0	0
24	1324	24	0	0	0
24	1328	24	0	0	0
24	1332	24	0	0	0
24	1333	24	0	0	0
24	1335	24	0	0	0
24	1336	24	0	0	0
24	1344	24	0	0	0
24	1349	24	0	0	0
24	1261	24	0	0	0
24	1306	24	0	0	0
24	1282	24	0	0	0
24	1347	24	0	0	0
24	1326	24	0	0	0
24	1266	24	0	0	0
24	1303	24	0	0	0
24	1345	24	0	0	0
24	1274	24	0	0	0
24	1281	24	0	0	0
24	1291	24	0	0	0
24	1316	24	0	0	0
24	1319	24	0	0	0
24	1323	24	0	0	0
24	1268	24	0	0	0
24	1327	24	0	0	0
24	1293	24	0	0	0
24	1307	24	0	0	0
24	1338	24	0	0	0
24	1342	24	0	0	0
24	1320	24	0	0	0
24	1321	24	0	0	0
24	1341	24	0	0	0
24	1170	23	0	1	1
24	1087	22	0	2	2
24	907	18	0	6	6
24	817	17	0	7	7
24	740	16	0	8	8
24	737	16	0	8	8
24	1343	24	0	0	0
24	1330	24	0	0	0
24	1329	24	0	0	0
24	1313	24	0	0	0
24	1304	24	0	0	0
24	1300	24	0	0	0
24	1297	24	0	0	0
24	1296	24	0	0	0
24	1292	24	0	0	0
24	1289	24	0	0	0
24	1286	24	0	0	0
24	1283	24	0	0	0
24	1280	24	0	0	0
24	1276	24	0	0	0
24	1273	24	0	0	0
24	1271	24	0	0	0
24	1270	24	0	0	0
24	1260	24	0	0	0
24	1348	24	0	0	0
24	1301	24	0	0	0
24	1331	24	0	0	0
24	1325	24	0	0	0
24	1339	24	0	0	0
24	1318	24	0	0	0
25	1436	25	NaN	NaN	NaN
25	1352	25	0	0	0
25	1353	25	0	0	0
25	1355	25	0	0	0
25	1362	25	0	0	0
25	1368	25	0	0	0
25	1369	25	0	0	0
25	1374	25	0	0	0
25	1377	25	0	0	0
25	1378	25	0	0	0
25	1384	25	0	0	0
25	1400	25	0	0	0
25	1405	25	0	0	0
25	1407	25	0	0	0
25	1412	25	0	0	0
25	1414	25	0	0	0
25	1422	25	0	0	0
25	1425	25	0	0	0
25	1426	25	0	0	0
25	1434	25	0	0	0
25	1439	25	0	0	0
25	1351	25	0	0	0
25	1340	24	0	1	1
25	1334	24	0	1	1
25	1308	24	0	1	1
25	1305	24	0	1	1
25	1299	24	0	1	1
25	1372	25	0	0	0
25	1416	25	0	0	0
25	1364	25	0	0	0
25	1371	25	0	0	0
25	1381	25	0	0	0
25	1406	25	0	0	0
25	1358	25	0	0	0
25	1397	25	0	0	0
25	1432	25	0	0	0
25	1410	25	0	0	0
25	1411	25	0	0	0
25	1431	25	0	0	0
25	1433	25	0	0	0
25	1394	25	0	0	0
25	1390	25	0	0	0
25	1387	25	0	0	0
25	1386	25	0	0	0
25	1382	25	0	0	0
25	1376	25	0	0	0
25	1366	25	0	0	0
25	1363	25	0	0	0
25	1361	25	0	0	0
25	1360	25	0	0	0
25	1438	25	0	0	0
25	1391	25	0	0	0
25	1396	25	0	0	0
25	1421	25	0	0	0
25	1415	25	0	0	0
25	1429	25	0	0	0
25	1356	25	0	0	0
25	1437	25	0	0	0
25	1408	25	0	0	0
25	1393	25	0	0	0
25	1435	25	0	0	0
25	1413	25	0	0	0
25	1417	25	0	0	0
25	1409	25	0	0	0
25	1383	25	0	0	0
25	1428	25	0	0	0
26	1526	26	NaN	NaN	NaN
26	1442	26	0	0	0
26	1443	26	0	0	0
26	1445	26	0	0	0
26	1449	26	0	0	0
26	1452	26	0	0	0
26	1458	26	0	0	0
26	1459	26	0	0	0
26	1464	26	0	0	0
26	1465	26	0	0	0
26	1467	26	0	0	0
26	1468	26	0	0	0
26	1474	26	0	0	0
26	1475	26	0	0	0
26	1478	26	0	0	0
26	1482	26	0	0	0
26	1489	26	0	0	0
26	1490	26	0	0	0
26	1494	26	0	0	0
26	1495	26	0	0	0
26	1497	26	0	0	0
26	1502	26	0	0	0
26	1504	26	0	0	0
26	1508	26	0	0	0
26	1512	26	0	0	0
26	1513	26	0	0	0
26	1515	26	0	0	0
26	1516	26	0	0	0
26	1520	26	0	0	0
26	1524	26	0	0	0
26	1529	26	0	0	0
26	1441	26	0	0	0
26	1423	25	0	1	1
26	1385	25	0	1	1
26	1392	25	0	1	1
26	1312	24	0	2	2
26	1418	25	0	1	1
26	1404	25	0	1	1
26	1481	26	0	0	0
26	1486	26	0	0	0
26	1462	26	0	0	0
26	1527	26	0	0	0
26	1506	26	0	0	0
26	1446	26	0	0	0
26	1483	26	0	0	0
26	1519	26	0	0	0
26	1525	26	0	0	0
26	1498	26	0	0	0
26	1454	26	0	0	0
26	1461	26	0	0	0
26	1471	26	0	0	0
26	1496	26	0	0	0
26	1499	26	0	0	0
26	1503	26	0	0	0
26	1448	26	0	0	0
26	1507	26	0	0	0
26	1473	26	0	0	0
26	1487	26	0	0	0
26	1518	26	0	0	0
26	1522	26	0	0	0
26	1500	26	0	0	0
26	1501	26	0	0	0
26	1521	26	0	0	0
26	1523	26	0	0	0
26	1510	26	0	0	0
26	1509	26	0	0	0
26	1493	26	0	0	0
26	1484	26	0	0	0
26	1480	26	0	0	0
26	1477	26	0	0	0
26	1476	26	0	0	0
26	1472	26	0	0	0
26	1469	26	0	0	0
26	1466	26	0	0	0
26	1463	26	0	0	0
26	1460	26	0	0	0
26	1457	26	0	0	0
26	1456	26	0	0	0
26	1453	26	0	0	0
26	1451	26	0	0	0
26	1450	26	0	0	0
26	1440	26	0	0	0
26	1528	26	0	0	0
26	1511	26	0	0	0
26	1505	26	0	0	0
27	1616	27	NaN	NaN	NaN
27	1532	27	0	0	0
27	1533	27	0	0	0
27	1535	27	0	0	0
27	1539	27	0	0	0
27	1542	27	0	0	0
27	1548	27	0	0	0
27	1549	27	0	0	0
27	1554	27	0	0	0
27	1557	27	0	0	0
27	1558	27	0	0	0
27	1564	27	0	0	0
27	1565	27	0	0	0
27	1568	27	0	0	0
27	1572	27	0	0	0
27	1579	27	0	0	0
27	1580	27	0	0	0
27	1584	27	0	0	0
27	1585	27	0	0	0
27	1587	27	0	0	0
27	1592	27	0	0	0
27	1594	27	0	0	0
27	1598	27	0	0	0
27	1602	27	0	0	0
27	1603	27	0	0	0
27	1605	27	0	0	0
27	1606	27	0	0	0
27	1614	27	0	0	0
27	1619	27	0	0	0
27	1531	27	0	0	0
27	1514	26	0	1	1
27	1488	26	0	1	1
27	1485	26	0	1	1
27	1479	26	0	1	1
27	1492	26	0	1	1
27	1399	25	0	2	2
27	1618	27	0	0	0
27	1571	27	0	0	0
27	1576	27	0	0	0
27	1552	27	0	0	0
27	1601	27	0	0	0
27	1595	27	0	0	0
27	1617	27	0	0	0
27	1596	27	0	0	0
27	1536	27	0	0	0
27	1573	27	0	0	0
27	1609	27	0	0	0
27	1615	27	0	0	0
27	1588	27	0	0	0
27	1544	27	0	0	0
27	1551	27	0	0	0
27	1561	27	0	0	0
27	1586	27	0	0	0
27	1589	27	0	0	0
27	1593	27	0	0	0
27	1538	27	0	0	0
27	1597	27	0	0	0
27	1563	27	0	0	0
27	1577	27	0	0	0
27	1608	27	0	0	0
27	1612	27	0	0	0
27	1590	27	0	0	0
27	1591	27	0	0	0
27	1611	27	0	0	0
27	1613	27	0	0	0
27	1600	27	0	0	0
27	1599	27	0	0	0
27	1583	27	0	0	0
27	1574	27	0	0	0
27	1570	27	0	0	0
27	1567	27	0	0	0
27	1566	27	0	0	0
27	1562	27	0	0	0
27	1559	27	0	0	0
27	1556	27	0	0	0
27	1553	27	0	0	0
27	1550	27	0	0	0
27	1547	27	0	0	0
27	1546	27	0	0	0
27	1543	27	0	0	0
27	1541	27	0	0	0
27	1540	27	0	0	0
27	1537	27	0	0	0
27	1530	27	0	0	0
28	1706	28	NaN	NaN	NaN
28	1622	28	0	0	0
28	1623	28	0	0	0
28	1625	28	0	0	0
28	1632	28	0	0	0
28	1638	28	0	0	0
28	1639	28	0	0	0
28	1644	28	0	0	0
28	1647	28	0	0	0
28	1648	28	0	0	0
28	1654	28	0	0	0
28	1670	28	0	0	0
28	1675	28	0	0	0
28	1677	28	0	0	0
28	1682	28	0	0	0
28	1684	28	0	0	0
28	1692	28	0	0	0
28	1693	28	0	0	0
28	1695	28	0	0	0
28	1696	28	0	0	0
28	1704	28	0	0	0
28	1709	28	0	0	0
28	1621	28	0	0	0
28	1555	27	0	1	1
28	1610	27	0	1	1
28	1604	27	0	1	1
28	1578	27	0	1	1
28	1575	27	0	1	1
28	1388	25	0	3	3
28	1642	28	0	0	0
28	1686	28	0	0	0
28	1634	28	0	0	0
28	1641	28	0	0	0
28	1651	28	0	0	0
28	1676	28	0	0	0
28	1679	28	0	0	0
28	1628	28	0	0	0
28	1667	28	0	0	0
28	1702	28	0	0	0
28	1680	28	0	0	0
28	1681	28	0	0	0
28	1701	28	0	0	0
28	1703	28	0	0	0
28	1664	28	0	0	0
28	1660	28	0	0	0
28	1657	28	0	0	0
28	1656	28	0	0	0
28	1652	28	0	0	0
28	1646	28	0	0	0
28	1636	28	0	0	0
28	1633	28	0	0	0
28	1631	28	0	0	0
28	1630	28	0	0	0
28	1708	28	0	0	0
28	1661	28	0	0	0
28	1666	28	0	0	0
28	1691	28	0	0	0
28	1685	28	0	0	0
28	1699	28	0	0	0
28	1707	28	0	0	0
28	1678	28	0	0	0
28	1626	28	0	0	0
28	1663	28	0	0	0
28	1705	28	0	0	0
28	1687	28	0	0	0
28	1683	28	0	0	0
28	1653	28	0	0	0
28	1698	28	0	0	0
29	1796	29	NaN	NaN	NaN
29	1712	29	0	0	0
29	1713	29	0	0	0
29	1715	29	0	0	0
29	1719	29	0	0	0
29	1722	29	0	0	0
29	1728	29	0	0	0
29	1729	29	0	0	0
29	1734	29	0	0	0
29	1737	29	0	0	0
29	1738	29	0	0	0
29	1744	29	0	0	0
29	1745	29	0	0	0
29	1748	29	0	0	0
29	1752	29	0	0	0
29	1759	29	0	0	0
29	1760	29	0	0	0
29	1764	29	0	0	0
29	1765	29	0	0	0
29	1767	29	0	0	0
29	1772	29	0	0	0
29	1774	29	0	0	0
29	1778	29	0	0	0
29	1782	29	0	0	0
29	1783	29	0	0	0
29	1785	29	0	0	0
29	1786	29	0	0	0
29	1794	29	0	0	0
29	1799	29	0	0	0
29	1711	29	0	0	0
29	1655	28	0	1	1
29	1662	28	0	1	1
29	1688	28	0	1	1
29	1674	28	0	1	1
29	1669	28	0	1	1
29	1658	28	0	1	1
29	1756	29	0	0	0
29	1732	29	0	0	0
29	1797	29	0	0	0
29	1776	29	0	0	0
29	1716	29	0	0	0
29	1753	29	0	0	0
29	1795	29	0	0	0
29	1724	29	0	0	0
29	1731	29	0	0	0
29	1741	29	0	0	0
29	1766	29	0	0	0
29	1769	29	0	0	0
29	1773	29	0	0	0
29	1718	29	0	0	0
29	1777	29	0	0	0
29	1743	29	0	0	0
29	1757	29	0	0	0
29	1788	29	0	0	0
29	1792	29	0	0	0
29	1770	29	0	0	0
29	1771	29	0	0	0
29	1791	29	0	0	0
29	1793	29	0	0	0
29	1780	29	0	0	0
29	1779	29	0	0	0
29	1763	29	0	0	0
29	1754	29	0	0	0
29	1750	29	0	0	0
29	1747	29	0	0	0
29	1746	29	0	0	0
29	1742	29	0	0	0
29	1739	29	0	0	0
29	1736	29	0	0	0
29	1733	29	0	0	0
29	1730	29	0	0	0
29	1726	29	0	0	0
29	1723	29	0	0	0
29	1721	29	0	0	0
29	1720	29	0	0	0
29	1710	29	0	0	0
29	1798	29	0	0	0
29	1751	29	0	0	0
29	1781	29	0	0	0
29	1775	29	0	0	0
29	1789	29	0	0	0
29	1768	29	0	0	0
30	1886	30	NaN	NaN	NaN
30	1802	30	0	0	0
30	1803	30	0	0	0
30	1805	30	0	0	0
30	1812	30	0	0	0
30	1818	30	0	0	0
30	1819	30	0	0	0
30	1824	30	0	0	0
30	1827	30	0	0	0
30	1828	30	0	0	0
30	1834	30	0	0	0
30	1835	30	0	0	0
30	1850	30	0	0	0
30	1855	30	0	0	0
30	1857	30	0	0	0
30	1862	30	0	0	0
30	1864	30	0	0	0
30	1872	30	0	0	0
30	1873	30	0	0	0
30	1875	30	0	0	0
30	1876	30	0	0	0
30	1884	30	0	0	0
30	1889	30	0	0	0
30	1801	30	0	0	0
30	1735	29	0	1	1
30	1790	29	0	1	1
30	1629	28	0	2	2
30	1784	29	0	1	1
30	1758	29	0	1	1
30	1755	29	0	1	1
30	1846	30	0	0	0
30	1822	30	0	0	0
30	1887	30	0	0	0
30	1866	30	0	0	0
30	1885	30	0	0	0
30	1814	30	0	0	0
30	1821	30	0	0	0
30	1831	30	0	0	0
30	1856	30	0	0	0
30	1859	30	0	0	0
30	1808	30	0	0	0
30	1847	30	0	0	0
30	1878	30	0	0	0
30	1882	30	0	0	0
30	1860	30	0	0	0
30	1861	30	0	0	0
30	1881	30	0	0	0
30	1883	30	0	0	0
30	1853	30	0	0	0
30	1844	30	0	0	0
30	1840	30	0	0	0
30	1837	30	0	0	0
30	1836	30	0	0	0
30	1832	30	0	0	0
30	1826	30	0	0	0
30	1816	30	0	0	0
30	1813	30	0	0	0
30	1811	30	0	0	0
30	1810	30	0	0	0
30	1888	30	0	0	0
30	1841	30	0	0	0
30	1871	30	0	0	0
30	1865	30	0	0	0
30	1879	30	0	0	0
30	1806	30	0	0	0
30	1858	30	0	0	0
30	1843	30	0	0	0
30	1863	30	0	0	0
30	1867	30	0	0	0
30	1833	30	0	0	0
31	1976	31	NaN	NaN	NaN
31	1892	31	0	0	0
31	1893	31	0	0	0
31	1895	31	0	0	0
31	1899	31	0	0	0
31	1902	31	0	0	0
31	1908	31	0	0	0
31	1909	31	0	0	0
31	1914	31	0	0	0
31	1915	31	0	0	0
31	1917	31	0	0	0
31	1918	31	0	0	0
31	1924	31	0	0	0
31	1925	31	0	0	0
31	1928	31	0	0	0
31	1929	31	0	0	0
31	1932	31	0	0	0
31	1935	31	0	0	0
31	1938	31	0	0	0
31	1939	31	0	0	0
31	1940	31	0	0	0
31	1942	31	0	0	0
31	1944	31	0	0	0
31	1945	31	0	0	0
31	1947	31	0	0	0
31	1952	31	0	0	0
31	1954	31	0	0	0
31	1958	31	0	0	0
31	1962	31	0	0	0
31	1963	31	0	0	0
31	1964	31	0	0	0
31	1965	31	0	0	0
31	1966	31	0	0	0
31	1970	31	0	0	0
31	1974	31	0	0	0
31	1979	31	0	0	0
31	1891	31	0	0	0
31	1842	30	0	1	1
31	1868	30	0	1	1
31	1854	30	0	1	1
31	1849	30	0	1	1
31	1838	30	0	1	1
31	1809	30	0	1	1
31	1978	31	0	0	0
31	1931	31	0	0	0
31	1936	31	0	0	0
31	1912	31	0	0	0
31	1961	31	0	0	0
31	1955	31	0	0	0
31	1977	31	0	0	0
31	1956	31	0	0	0
31	1896	31	0	0	0
31	1933	31	0	0	0
31	1969	31	0	0	0
31	1975	31	0	0	0
31	1948	31	0	0	0
31	1904	31	0	0	0
31	1911	31	0	0	0
31	1921	31	0	0	0
31	1946	31	0	0	0
31	1949	31	0	0	0
31	1953	31	0	0	0
31	1898	31	0	0	0
31	1957	31	0	0	0
31	1923	31	0	0	0
31	1937	31	0	0	0
31	1968	31	0	0	0
31	1972	31	0	0	0
31	1950	31	0	0	0
31	1951	31	0	0	0
31	1971	31	0	0	0
31	1973	31	0	0	0
31	1960	31	0	0	0
31	1959	31	0	0	0
31	1943	31	0	0	0
31	1934	31	0	0	0
31	1930	31	0	0	0
31	1927	31	0	0	0
31	1926	31	0	0	0
31	1922	31	0	0	0
31	1919	31	0	0	0
31	1916	31	0	0	0
31	1913	31	0	0	0
31	1910	31	0	0	0
31	1907	31	0	0	0
31	1906	31	0	0	0
31	1903	31	0	0	0
31	1901	31	0	0	0
31	1900	31	0	0	0
31	1897	31	0	0	0
31	1890	31	0	0	0
32	2066	32	NaN	NaN	NaN
32	1982	32	0	0	0
32	1983	32	0	0	0
32	1985	32	0	0	0
32	1989	32	0	0	0
32	1992	32	0	0	0
32	1998	32	0	0	0
32	1999	32	0	0	0
32	2004	32	0	0	0
32	2007	32	0	0	0
32	2008	32	0	0	0
32	2014	32	0	0	0
32	2015	32	0	0	0
32	2018	32	0	0	0
32	2022	32	0	0	0
32	2029	32	0	0	0
32	2030	32	0	0	0
32	2034	32	0	0	0
32	2035	32	0	0	0
32	2037	32	0	0	0
32	2042	32	0	0	0
32	2044	32	0	0	0
32	2048	32	0	0	0
32	2052	32	0	0	0
32	2053	32	0	0	0
32	2055	32	0	0	0
32	2056	32	0	0	0
32	2064	32	0	0	0
32	2069	32	0	0	0
32	1981	32	0	0	0
32	1749	29	0	3	3
32	1825	30	0	2	2
32	1359	25	0	7	7
32	1569	27	0	5	5
32	1645	28	0	4	4
32	1582	27	0	5	5
32	2021	32	0	0	0
32	2026	32	0	0	0
32	2002	32	0	0	0
32	2067	32	0	0	0
32	2046	32	0	0	0
32	1986	32	0	0	0
32	2023	32	0	0	0
32	2059	32	0	0	0
32	2065	32	0	0	0
32	2038	32	0	0	0
32	1994	32	0	0	0
32	2001	32	0	0	0
32	2011	32	0	0	0
32	2036	32	0	0	0
32	2039	32	0	0	0
32	2043	32	0	0	0
32	1988	32	0	0	0
32	2047	32	0	0	0
32	2013	32	0	0	0
32	2027	32	0	0	0
32	2058	32	0	0	0
32	2062	32	0	0	0
32	2040	32	0	0	0
32	2041	32	0	0	0
32	2061	32	0	0	0
32	2063	32	0	0	0
32	2050	32	0	0	0
32	2049	32	0	0	0
32	2033	32	0	0	0
32	2024	32	0	0	0
32	2020	32	0	0	0
32	2017	32	0	0	0
32	2016	32	0	0	0
32	2012	32	0	0	0
32	2009	32	0	0	0
32	2006	32	0	0	0
32	2003	32	0	0	0
32	2000	32	0	0	0
32	1997	32	0	0	0
32	1996	32	0	0	0
32	1993	32	0	0	0
32	1991	32	0	0	0
32	1990	32	0	0	0
32	1980	32	0	0	0
32	2068	32	0	0	0
32	2051	32	0	0	0
32	2045	32	0	0	0
33	2156	33	NaN	NaN	NaN
33	2072	33	0	0	0
33	2073	33	0	0	0
33	2075	33	0	0	0
33	2079	33	0	0	0
33	2082	33	0	0	0
33	2088	33	0	0	0
33	2089	33	0	0	0
33	2094	33	0	0	0
33	2095	33	0	0	0
33	2097	33	0	0	0
33	2098	33	0	0	0
33	2104	33	0	0	0
33	2105	33	0	0	0
33	2108	33	0	0	0
33	2109	33	0	0	0
33	2112	33	0	0	0
33	2115	33	0	0	0
33	2118	33	0	0	0
33	2119	33	0	0	0
33	2120	33	0	0	0
33	2122	33	0	0	0
33	2124	33	0	0	0
33	2125	33	0	0	0
33	2127	33	0	0	0
33	2132	33	0	0	0
33	2134	33	0	0	0
33	2138	33	0	0	0
33	2142	33	0	0	0
33	2143	33	0	0	0
33	2144	33	0	0	0
33	2145	33	0	0	0
33	2146	33	0	0	0
33	2150	33	0	0	0
33	2154	33	0	0	0
33	2159	33	0	0	0
33	2071	33	0	0	0
33	2005	32	0	1	1
33	2060	32	0	1	1
33	2054	32	0	1	1
33	2028	32	0	1	1
33	2025	32	0	1	1
33	2019	32	0	1	1
33	2158	33	0	0	0
33	2111	33	0	0	0
33	2116	33	0	0	0
33	2092	33	0	0	0
33	2141	33	0	0	0
33	2135	33	0	0	0
33	2157	33	0	0	0
33	2136	33	0	0	0
33	2076	33	0	0	0
33	2113	33	0	0	0
33	2149	33	0	0	0
33	2155	33	0	0	0
33	2128	33	0	0	0
33	2084	33	0	0	0
33	2091	33	0	0	0
33	2101	33	0	0	0
33	2126	33	0	0	0
33	2129	33	0	0	0
33	2133	33	0	0	0
33	2078	33	0	0	0
33	2137	33	0	0	0
33	2103	33	0	0	0
33	2117	33	0	0	0
33	2148	33	0	0	0
33	2152	33	0	0	0
33	2130	33	0	0	0
33	2131	33	0	0	0
33	2151	33	0	0	0
33	2153	33	0	0	0
33	2140	33	0	0	0
33	2139	33	0	0	0
33	2123	33	0	0	0
33	2114	33	0	0	0
33	2110	33	0	0	0
33	2107	33	0	0	0
33	2106	33	0	0	0
33	2102	33	0	0	0
33	2099	33	0	0	0
33	2096	33	0	0	0
33	2093	33	0	0	0
33	2090	33	0	0	0
33	2087	33	0	0	0
33	2086	33	0	0	0
33	2083	33	0	0	0
33	2081	33	0	0	0
33	2080	33	0	0	0
33	2077	33	0	0	0
33	2070	33	0	0	0
34	2246	34	NaN	NaN	NaN
34	2162	34	0	0	0
34	2163	34	0	0	0
34	2165	34	0	0	0
34	2169	34	0	0	0
34	2172	34	0	0	0
34	2178	34	0	0	0
34	2179	34	0	0	0
34	2184	34	0	0	0
34	2185	34	0	0	0
34	2187	34	0	0	0
34	2188	34	0	0	0
34	2194	34	0	0	0
34	2195	34	0	0	0
34	2198	34	0	0	0
34	2199	34	0	0	0
34	2202	34	0	0	0
34	2205	34	0	0	0
34	2208	34	0	0	0
34	2209	34	0	0	0
34	2210	34	0	0	0
34	2212	34	0	0	0
34	2214	34	0	0	0
34	2215	34	0	0	0
34	2217	34	0	0	0
34	2222	34	0	0	0
34	2224	34	0	0	0
34	2228	34	0	0	0
34	2232	34	0	0	0
34	2233	34	0	0	0
34	2234	34	0	0	0
34	2235	34	0	0	0
34	2236	34	0	0	0
34	2240	34	0	0	0
34	2244	34	0	0	0
34	2249	34	0	0	0
34	2161	34	0	0	0
34	2032	32	0	2	2
34	1762	29	0	5	5
34	1880	30	0	4	4
34	1285	24	0	10	10
34	1700	28	0	6	6
34	1874	30	0	4	4
34	2206	34	0	0	0
34	2182	34	0	0	0
34	2247	34	0	0	0
34	2226	34	0	0	0
34	2245	34	0	0	0
34	2174	34	0	0	0
34	2181	34	0	0	0
34	2191	34	0	0	0
34	2216	34	0	0	0
34	2219	34	0	0	0
34	2168	34	0	0	0
34	2207	34	0	0	0
34	2238	34	0	0	0
34	2242	34	0	0	0
34	2220	34	0	0	0
34	2221	34	0	0	0
34	2241	34	0	0	0
34	2243	34	0	0	0
34	2213	34	0	0	0
34	2204	34	0	0	0
34	2200	34	0	0	0
34	2197	34	0	0	0
34	2196	34	0	0	0
34	2192	34	0	0	0
34	2186	34	0	0	0
34	2176	34	0	0	0
34	2173	34	0	0	0
34	2171	34	0	0	0
34	2170	34	0	0	0
34	2248	34	0	0	0
34	2201	34	0	0	0
34	2231	34	0	0	0
34	2225	34	0	0	0
34	2239	34	0	0	0
34	2166	34	0	0	0
34	2218	34	0	0	0
34	2203	34	0	0	0
34	2223	34	0	0	0
34	2227	34	0	0	0
34	2193	34	0	0	0
35	1375	25	0	10	10
35	2336	35	NaN	NaN	NaN
35	2252	35	0	0	0
35	2253	35	0	0	0
35	2255	35	0	0	0
35	2259	35	0	0	0
35	2262	35	0	0	0
35	2268	35	0	0	0
35	2269	35	0	0	0
35	2274	35	0	0	0
35	2277	35	0	0	0
35	2278	35	0	0	0
35	2284	35	0	0	0
35	2285	35	0	0	0
35	2288	35	0	0	0
35	2292	35	0	0	0
35	2299	35	0	0	0
35	2300	35	0	0	0
35	2304	35	0	0	0
35	2305	35	0	0	0
35	2307	35	0	0	0
35	2312	35	0	0	0
35	2314	35	0	0	0
35	2318	35	0	0	0
35	2322	35	0	0	0
35	2323	35	0	0	0
35	2325	35	0	0	0
35	2326	35	0	0	0
35	2334	35	0	0	0
35	2339	35	0	0	0
35	2251	35	0	0	0
35	1848	30	0	5	5
35	1845	30	0	5	5
35	1694	28	0	7	7
35	1668	28	0	7	7
35	1665	28	0	7	7
35	2296	35	0	0	0
35	2272	35	0	0	0
35	2337	35	0	0	0
35	2316	35	0	0	0
35	2256	35	0	0	0
35	2293	35	0	0	0
35	2335	35	0	0	0
35	2264	35	0	0	0
35	2271	35	0	0	0
35	2281	35	0	0	0
35	2306	35	0	0	0
35	2309	35	0	0	0
35	2313	35	0	0	0
35	2258	35	0	0	0
35	2317	35	0	0	0
35	2283	35	0	0	0
35	2297	35	0	0	0
35	2328	35	0	0	0
35	2332	35	0	0	0
35	2310	35	0	0	0
35	2311	35	0	0	0
35	2331	35	0	0	0
35	2333	35	0	0	0
35	2320	35	0	0	0
35	2319	35	0	0	0
35	2303	35	0	0	0
35	2294	35	0	0	0
35	2290	35	0	0	0
35	2287	35	0	0	0
35	2286	35	0	0	0
35	2282	35	0	0	0
35	2279	35	0	0	0
35	2276	35	0	0	0
35	2273	35	0	0	0
35	2270	35	0	0	0
35	2266	35	0	0	0
35	2263	35	0	0	0
35	2261	35	0	0	0
35	2260	35	0	0	0
35	2250	35	0	0	0
35	2338	35	0	0	0
35	2291	35	0	0	0
35	2321	35	0	0	0
35	2315	35	0	0	0
35	2329	35	0	0	0
35	2308	35	0	0	0
36	2426	36	NaN	NaN	NaN
36	2342	36	0	0	0
36	2343	36	0	0	0
36	2345	36	0	0	0
36	2349	36	0	0	0
36	2352	36	0	0	0
36	2358	36	0	0	0
36	2359	36	0	0	0
36	2364	36	0	0	0
36	2365	36	0	0	0
36	2367	36	0	0	0
36	2368	36	0	0	0
36	2374	36	0	0	0
36	2375	36	0	0	0
36	2378	36	0	0	0
36	2382	36	0	0	0
36	2389	36	0	0	0
36	2390	36	0	0	0
36	2394	36	0	0	0
36	2395	36	0	0	0
36	2397	36	0	0	0
36	2402	36	0	0	0
36	2404	36	0	0	0
36	2408	36	0	0	0
36	2412	36	0	0	0
36	2413	36	0	0	0
36	2415	36	0	0	0
36	2416	36	0	0	0
36	2424	36	0	0	0
36	2429	36	0	0	0
36	2341	36	0	0	0
36	2275	35	0	1	1
36	2330	35	0	1	1
36	2324	35	0	1	1
36	2298	35	0	1	1
36	2295	35	0	1	1
36	2289	35	0	1	1
36	2362	36	0	0	0
36	2406	36	0	0	0
36	2354	36	0	0	0
36	2361	36	0	0	0
36	2371	36	0	0	0
36	2396	36	0	0	0
36	2348	36	0	0	0
36	2387	36	0	0	0
36	2422	36	0	0	0
36	2400	36	0	0	0
36	2401	36	0	0	0
36	2421	36	0	0	0
36	2423	36	0	0	0
36	2384	36	0	0	0
36	2380	36	0	0	0
36	2377	36	0	0	0
36	2376	36	0	0	0
36	2372	36	0	0	0
36	2366	36	0	0	0
36	2356	36	0	0	0
36	2353	36	0	0	0
36	2351	36	0	0	0
36	2350	36	0	0	0
36	2428	36	0	0	0
36	2381	36	0	0	0
36	2386	36	0	0	0
36	2411	36	0	0	0
36	2405	36	0	0	0
36	2419	36	0	0	0
36	2346	36	0	0	0
36	2427	36	0	0	0
36	2398	36	0	0	0
36	2383	36	0	0	0
36	2425	36	0	0	0
36	2403	36	0	0	0
36	2407	36	0	0	0
36	2399	36	0	0	0
36	2373	36	0	0	0
36	2418	36	0	0	0
37	2516	37	NaN	NaN	NaN
37	2432	37	0	0	0
37	2433	37	0	0	0
37	2435	37	0	0	0
37	2439	37	0	0	0
37	2442	37	0	0	0
37	2448	37	0	0	0
37	2449	37	0	0	0
37	2454	37	0	0	0
37	2455	37	0	0	0
37	2457	37	0	0	0
37	2458	37	0	0	0
37	2464	37	0	0	0
37	2465	37	0	0	0
37	2468	37	0	0	0
37	2469	37	0	0	0
37	2472	37	0	0	0
37	2475	37	0	0	0
37	2478	37	0	0	0
37	2479	37	0	0	0
37	2480	37	0	0	0
37	2482	37	0	0	0
37	2484	37	0	0	0
37	2485	37	0	0	0
37	2487	37	0	0	0
37	2492	37	0	0	0
37	2494	37	0	0	0
37	2498	37	0	0	0
37	2502	37	0	0	0
37	2503	37	0	0	0
37	2504	37	0	0	0
37	2505	37	0	0	0
37	2506	37	0	0	0
37	2510	37	0	0	0
37	2514	37	0	0	0
37	2519	37	0	0	0
37	2431	37	0	0	0
37	2420	36	0	1	1
37	2414	36	0	1	1
37	2388	36	0	1	1
37	2385	36	0	1	1
37	2379	36	0	1	1
37	2392	36	0	1	1
37	2471	37	0	0	0
37	2476	37	0	0	0
37	2452	37	0	0	0
37	2517	37	0	0	0
37	2496	37	0	0	0
37	2436	37	0	0	0
37	2473	37	0	0	0
37	2509	37	0	0	0
37	2515	37	0	0	0
37	2488	37	0	0	0
37	2444	37	0	0	0
37	2451	37	0	0	0
37	2461	37	0	0	0
37	2486	37	0	0	0
37	2489	37	0	0	0
37	2493	37	0	0	0
37	2438	37	0	0	0
37	2497	37	0	0	0
37	2463	37	0	0	0
37	2477	37	0	0	0
37	2508	37	0	0	0
37	2512	37	0	0	0
37	2490	37	0	0	0
37	2491	37	0	0	0
37	2511	37	0	0	0
37	2513	37	0	0	0
37	2500	37	0	0	0
37	2499	37	0	0	0
37	2483	37	0	0	0
37	2474	37	0	0	0
37	2470	37	0	0	0
37	2467	37	0	0	0
37	2466	37	0	0	0
37	2462	37	0	0	0
37	2459	37	0	0	0
37	2456	37	0	0	0
37	2453	37	0	0	0
37	2450	37	0	0	0
37	2447	37	0	0	0
37	2446	37	0	0	0
37	2443	37	0	0	0
37	2441	37	0	0	0
37	2440	37	0	0	0
37	2430	37	0	0	0
37	2518	37	0	0	0
37	2501	37	0	0	0
37	2495	37	0	0	0
38	1430	25	0	13	13
38	1659	28	0	10	10
38	1424	25	0	13	13
38	2606	38	NaN	NaN	NaN
38	2522	38	0	0	0
38	2523	38	0	0	0
38	2525	38	0	0	0
38	2529	38	0	0	0
38	2532	38	0	0	0
38	2538	38	0	0	0
38	2539	38	0	0	0
38	2544	38	0	0	0
38	2545	38	0	0	0
38	2547	38	0	0	0
38	2548	38	0	0	0
38	2554	38	0	0	0
38	2555	38	0	0	0
38	2558	38	0	0	0
38	2562	38	0	0	0
38	2569	38	0	0	0
38	2570	38	0	0	0
38	2574	38	0	0	0
38	2575	38	0	0	0
38	2577	38	0	0	0
38	2582	38	0	0	0
38	2584	38	0	0	0
38	2588	38	0	0	0
38	2592	38	0	0	0
38	2593	38	0	0	0
38	2595	38	0	0	0
38	2596	38	0	0	0
38	2600	38	0	0	0
38	2604	38	0	0	0
38	2609	38	0	0	0
38	2521	38	0	0	0
38	2302	35	0	3	3
38	1839	30	0	8	8
38	1852	30	0	8	8
38	2608	38	0	0	0
38	2561	38	0	0	0
38	2566	38	0	0	0
38	2542	38	0	0	0
38	2591	38	0	0	0
38	2585	38	0	0	0
38	2607	38	0	0	0
38	2586	38	0	0	0
38	2526	38	0	0	0
38	2563	38	0	0	0
38	2599	38	0	0	0
38	2605	38	0	0	0
38	2578	38	0	0	0
38	2534	38	0	0	0
38	2541	38	0	0	0
38	2551	38	0	0	0
38	2576	38	0	0	0
38	2579	38	0	0	0
38	2583	38	0	0	0
38	2528	38	0	0	0
38	2587	38	0	0	0
38	2553	38	0	0	0
38	2567	38	0	0	0
38	2598	38	0	0	0
38	2602	38	0	0	0
38	2580	38	0	0	0
38	2581	38	0	0	0
38	2601	38	0	0	0
38	2603	38	0	0	0
38	2590	38	0	0	0
38	2589	38	0	0	0
38	2573	38	0	0	0
38	2564	38	0	0	0
38	2560	38	0	0	0
38	2557	38	0	0	0
38	2556	38	0	0	0
38	2552	38	0	0	0
38	2549	38	0	0	0
38	2546	38	0	0	0
38	2543	38	0	0	0
38	2540	38	0	0	0
38	2537	38	0	0	0
38	2536	38	0	0	0
38	2533	38	0	0	0
38	2531	38	0	0	0
38	2530	38	0	0	0
38	2527	38	0	0	0
38	2520	38	0	0	0
39	1398	25	0	14	14
39	2696	39	NaN	NaN	NaN
39	2612	39	0	0	0
39	2613	39	0	0	0
39	2615	39	0	0	0
39	2619	39	0	0	0
39	2622	39	0	0	0
39	2628	39	0	0	0
39	2629	39	0	0	0
39	2634	39	0	0	0
39	2635	39	0	0	0
39	2637	39	0	0	0
39	2638	39	0	0	0
39	2644	39	0	0	0
39	2645	39	0	0	0
39	2648	39	0	0	0
39	2649	39	0	0	0
39	2652	39	0	0	0
39	2655	39	0	0	0
39	2658	39	0	0	0
39	2659	39	0	0	0
39	2660	39	0	0	0
39	2662	39	0	0	0
39	2664	39	0	0	0
39	2665	39	0	0	0
39	2667	39	0	0	0
39	2672	39	0	0	0
39	2674	39	0	0	0
39	2678	39	0	0	0
39	2682	39	0	0	0
39	2683	39	0	0	0
39	2684	39	0	0	0
39	2685	39	0	0	0
39	2686	39	0	0	0
39	2690	39	0	0	0
39	2694	39	0	0	0
39	2699	39	0	0	0
39	2611	39	0	0	0
39	2594	38	0	1	1
39	2568	38	0	1	1
39	2565	38	0	1	1
39	2559	38	0	1	1
39	2572	38	0	1	1
39	2632	39	0	0	0
39	2676	39	0	0	0
39	2624	39	0	0	0
39	2631	39	0	0	0
39	2641	39	0	0	0
39	2666	39	0	0	0
39	2669	39	0	0	0
39	2618	39	0	0	0
39	2657	39	0	0	0
39	2692	39	0	0	0
39	2670	39	0	0	0
39	2671	39	0	0	0
39	2691	39	0	0	0
39	2693	39	0	0	0
39	2654	39	0	0	0
39	2650	39	0	0	0
39	2647	39	0	0	0
39	2646	39	0	0	0
39	2642	39	0	0	0
39	2636	39	0	0	0
39	2626	39	0	0	0
39	2623	39	0	0	0
39	2621	39	0	0	0
39	2620	39	0	0	0
39	2698	39	0	0	0
39	2651	39	0	0	0
39	2656	39	0	0	0
39	2681	39	0	0	0
39	2675	39	0	0	0
39	2689	39	0	0	0
39	2697	39	0	0	0
39	2668	39	0	0	0
39	2616	39	0	0	0
39	2653	39	0	0	0
39	2695	39	0	0	0
39	2677	39	0	0	0
39	2673	39	0	0	0
39	2643	39	0	0	0
39	2688	39	0	0	0
40	1395	25	0	15	15
40	1672	28	0	12	12
40	1389	25	0	15	15
40	1402	25	0	15	15
40	1177	23	0	17	17
40	1187	23	0	17	17
40	2702	40	0	0	0
40	2703	40	0	0	0
40	2705	40	0	0	0
40	2712	40	0	0	0
40	2718	40	0	0	0
40	2719	40	0	0	0
40	2724	40	0	0	0
40	2727	40	0	0	0
40	2728	40	0	0	0
40	2734	40	0	0	0
40	2735	40	0	0	0
40	2750	40	0	0	0
40	2755	40	0	0	0
40	2757	40	0	0	0
40	2762	40	0	0	0
40	2764	40	0	0	0
40	2772	40	0	0	0
40	2773	40	0	0	0
40	2775	40	0	0	0
40	2776	40	0	0	0
40	2784	40	0	0	0
40	2789	40	0	0	0
40	2701	40	0	0	0
40	2746	40	0	0	0
40	2722	40	0	0	0
40	2787	40	0	0	0
40	2766	40	0	0	0
40	2706	40	0	0	0
40	2743	40	0	0	0
40	2785	40	0	0	0
40	2714	40	0	0	0
40	2721	40	0	0	0
40	2731	40	0	0	0
40	2756	40	0	0	0
40	2759	40	0	0	0
40	2763	40	0	0	0
40	2708	40	0	0	0
40	2767	40	0	0	0
40	2733	40	0	0	0
40	2747	40	0	0	0
40	2778	40	0	0	0
40	2782	40	0	0	0
40	2760	40	0	0	0
40	2761	40	0	0	0
40	2781	40	0	0	0
40	2783	40	0	0	0
40	2770	40	0	0	0
40	2769	40	0	0	0
40	2753	40	0	0	0
40	2744	40	0	0	0
40	2740	40	0	0	0
40	2737	40	0	0	0
40	2736	40	0	0	0
40	2732	40	0	0	0
40	2729	40	0	0	0
40	2726	40	0	0	0
40	2723	40	0	0	0
40	2720	40	0	0	0
40	2716	40	0	0	0
40	2713	40	0	0	0
40	2711	40	0	0	0
40	2710	40	0	0	0
40	2700	40	0	0	0
40	2788	40	0	0	0
40	2741	40	0	0	0
40	2771	40	0	0	0
40	2765	40	0	0	0
40	2779	40	0	0	0
40	2758	40	0	0	0
41	2876	41	NaN	NaN	NaN
41	2792	41	0	0	0
41	2793	41	0	0	0
41	2795	41	0	0	0
41	2802	41	0	0	0
41	2808	41	0	0	0
41	2809	41	0	0	0
41	2814	41	0	0	0
41	2817	41	0	0	0
41	2818	41	0	0	0
41	2824	41	0	0	0
41	2825	41	0	0	0
41	2840	41	0	0	0
41	2845	41	0	0	0
41	2847	41	0	0	0
41	2852	41	0	0	0
41	2854	41	0	0	0
41	2862	41	0	0	0
41	2863	41	0	0	0
41	2865	41	0	0	0
41	2866	41	0	0	0
41	2874	41	0	0	0
41	2879	41	0	0	0
41	2791	41	0	0	0
41	2768	40	0	1	1
41	2754	40	0	1	1
41	2749	40	0	1	1
41	2738	40	0	1	1
41	2709	40	0	1	1
41	2836	41	0	0	0
41	2812	41	0	0	0
41	2877	41	0	0	0
41	2856	41	0	0	0
41	2875	41	0	0	0
41	2804	41	0	0	0
41	2811	41	0	0	0
41	2821	41	0	0	0
41	2846	41	0	0	0
41	2849	41	0	0	0
41	2798	41	0	0	0
41	2837	41	0	0	0
41	2868	41	0	0	0
41	2872	41	0	0	0
41	2850	41	0	0	0
41	2851	41	0	0	0
41	2871	41	0	0	0
41	2873	41	0	0	0
41	2843	41	0	0	0
41	2834	41	0	0	0
41	2830	41	0	0	0
41	2827	41	0	0	0
41	2826	41	0	0	0
41	2822	41	0	0	0
41	2816	41	0	0	0
41	2806	41	0	0	0
41	2803	41	0	0	0
41	2801	41	0	0	0
41	2800	41	0	0	0
41	2878	41	0	0	0
41	2831	41	0	0	0
41	2861	41	0	0	0
41	2855	41	0	0	0
41	2869	41	0	0	0
41	2796	41	0	0	0
41	2848	41	0	0	0
41	2833	41	0	0	0
41	2853	41	0	0	0
41	2857	41	0	0	0
41	2823	41	0	0	0
41	2742	40	0	1	1

=============================================================

Alien Army Won The Battle

=============================================================

Earth Statistics:
ES Count-> 1150
ET Count-> 660
EG Count-> 882
Heal Units -> 152

ES_destructed:ES_total-> 98.2609%
EG_destructed:EG_total-> 100%
ET_destructed:ET_total-> 88.4848%

Infection states: 
Total Infected Units : 0
Infection Percentage : 0%


Total Destructed Earth Units : Total Earth Units-> 96.4339%
Total Units in UML : Total Earth Units->3.56612%

Healed Units : Total Earth Units-> 1.3373%

Average of Df-> 0.132512
Average of Db-> 0.434515
Average of Dd-> 0.302003

Df / Db = 30.4965%
Dd / Db = 69.5035%

=============================================================

Alien Statistics:
AS Count-> 494
AD Count-> 100
AM Count-> 306

AS_destructed:AS_total-> 0%
AD_destructed:AD_total-> 0%
AM_destructed:AM_total-> 0%

Total Destructed Alien Units : Total Alien Units-> 0%

There is no destructed Alien Army
total Db = 0