Total Simulation steps: 570
Td	ID	Tj	Df	Dd	Db
2	2004	1	0	1	1
2	2005	1	0	1	1
2	2003	0	0	2	2
2	2000	0	0	2	2
3	2008	2	0	1	1
3	2006	1	0	2	2
3	2007	1	0	2	2
3	2009	2	0	1	1
4	2012	3	0	1	1
4	2010	2	0	2	2
4	2011	2	0	2	2
4	2013	3	0	1	1
5	2016	4	0	1	1
5	2014	3	0	2	2
5	2017	4	0	1	1
6	2020	5	0	1	1
6	2015	3	1	2	3
6	2018	4	0	2	2
6	2021	5	0	1	1
7	2024	6	0	1	1
7	2019	4	1	2	3
7	2022	5	0	2	2
7	2025	6	0	1	1
8	2028	7	0	1	1
8	2023	5	1	2	3
9	2032	8	0	1	1
9	2026	6	1	2	3
9	2027	6	1	2	3
9	2029	7	0	2	2
10	2030	7	1	2	3
10	2031	7	1	2	3
10	2033	8	0	2	2
11	2034	8	1	2	3
11	2035	8	1	2	3
11	2037	9	0	2	2
12	2038	9	1	2	3
12	2039	9	1	2	3
12	2040	10	1	1	2
12	2036	9	1	2	3
13	2042	10	1	2	3
13	2043	10	1	2	3
14	2048	12	0	2	2
14	2047	11	1	2	3
14	2046	11	0	3	3
16	2044	11	0	5	5
18	2055	13	1	4	5
18	2054	13	1	4	5
18	2052	13	1	4	5
19	2051	12	1	6	7
19	2050	12	1	6	7
20	2056	14	1	5	6
20	2060	15	1	4	5
21	2064	16	1	4	5
23	2059	14	1	8	9
23	2058	14	1	8	9
27	2084	21	2	4	6
27	2072	18	2	7	9
27	2074	18	2	7	9
27	2075	18	2	7	9
27	2062	15	1	11	12
27	2063	15	1	11	12
27	2067	16	2	9	11
27	2076	19	2	6	8
27	2	0	0	27	27
27	4	27	NaN	NaN	NaN
28	2068	17	2	9	11
28	2053	13	14	1	15
28	2049	12	0	16	16
28	2080	20	2	6	8
29	2088	22	3	4	7
29	2109	27	0	2	2
29	2097	24	3	2	5
29	2066	16	1	12	13
30	2071	17	2	11	13
30	2070	17	2	11	13
30	2099	24	3	3	6
30	2098	24	3	3	6
30	2096	24	3	3	6
30	2113	28	1	1	2
30	2105	26	2	2	4
31	2100	25	3	3	6
31	2079	19	2	10	12
31	2078	19	2	10	12
31	2083	20	2	9	11
31	2082	20	2	9	11
31	2095	23	3	5	8
31	2110	27	1	3	4
31	2086	21	2	8	10
31	2107	26	3	2	5
31	2106	26	3	2	5
32	2104	26	3	3	6
32	2090	22	3	7	10
32	2091	22	3	7	10
32	2092	23	3	6	9
32	2094	23	3	6	9
32	2081	20	11	1	12
32	2101	25	5	2	7
32	2112	28	2	2	4
32	2111	27	3	2	5
32	2108	27	3	2	5
33	2103	25	3	5	8
33	2115	28	2	3	5
33	2114	28	2	3	5
33	2087	21	3	9	12
33	2102	25	3	5	8
33	2118	29	1	3	4
33	2121	30	1	2	3
34	2123	30	2	2	4
34	2122	30	2	2	4
34	2120	30	2	2	4
34	2127	31	2	1	3
34	2126	31	2	1	3
34	2125	31	1	2	3
34	2124	31	2	1	3
35	2128	32	1	2	3
35	2135	33	1	1	2
35	2134	33	1	1	2
35	2132	33	1	1	2
35	2130	32	1	2	3
35	2119	29	2	4	6
35	2069	17	16	2	18
35	2089	22	12	1	13
35	2131	32	1	2	3
36	2139	34	1	1	2
36	2138	34	1	1	2
36	2136	34	1	1	2
36	2140	35	0	1	1
36	2093	23	11	2	13
36	2041	10	0	26	26
36	2144	36	0	0	0
37	2142	35	0	2	2
37	2143	35	1	1	2
37	2146	36	0	1	1
37	2148	37	0	0	0
38	2147	36	0	2	2
38	2150	37	0	1	1
38	2151	37	0	1	1
38	2137	34	1	3	4
38	2152	38	0	0	0
39	2154	38	0	1	1
39	2155	38	0	1	1
39	2149	37	0	2	2
39	2133	33	1	5	6
40	2159	39	0	1	1
40	2158	39	0	1	1
40	2156	39	0	1	1
40	2145	36	0	4	4
41	2160	40	0	1	1
42	2164	41	0	1	1
42	2162	40	0	2	2
42	2163	40	0	2	2
42	2085	21	16	5	21
42	2141	35	4	3	7
42	2061	15	22	5	27
43	2168	42	0	1	1
43	2166	41	0	2	2
43	2167	41	0	2	2
43	2161	40	0	3	3
43	2153	38	0	5	5
43	2045	11	0	32	32
43	2073	18	22	3	25
44	2172	43	0	1	1
44	2170	42	0	2	2
44	2171	42	0	2	2
44	2077	19	20	5	25
44	2157	39	0	5	5
44	2129	32	7	5	12
45	2176	44	0	1	1
45	2174	43	0	2	2
45	2169	42	0	3	3
46	2180	45	0	1	1
46	2175	43	1	2	3
46	2178	44	0	2	2
46	2065	16	25	5	30
46	2165	41	0	5	5
47	2184	46	0	1	1
47	2179	44	1	2	3
47	2182	45	0	2	2
48	2188	47	0	1	1
48	2183	45	1	2	3
48	2186	46	0	2	2
49	2192	48	0	1	1
49	2187	46	1	2	3
50	2196	49	0	1	1
50	2190	47	1	2	3
50	2191	47	1	2	3
51	2200	50	0	1	1
51	2194	48	1	2	3
51	2195	48	1	2	3
52	2198	49	1	2	3
52	2199	49	1	2	3
54	2204	51	1	2	3
54	2206	51	1	2	3
54	2207	51	1	2	3
54	2203	50	1	3	4
54	2202	50	1	3	4
57	2208	52	1	4	5
58	2215	53	1	4	5
58	2212	53	1	4	5
60	2214	53	1	6	7
60	2220	55	1	4	5
62	2210	52	1	9	10
62	2211	52	1	9	10
63	2216	54	1	8	9
64	2219	54	1	9	10
66	2224	56	1	9	10
66	0	0	0	66	66
66	3	0	0	66	66
66	1	0	0	66	66
66	9	29	0	37	37
66	12	66	NaN	NaN	NaN
67	2181	45	0	22	22
68	2228	57	2	9	11
68	2266	66	0	2	2
68	2209	52	14	2	16
68	2245	61	5	2	7
69	2222	55	1	13	14
69	2223	55	1	13	14
69	2232	58	2	9	11
69	2218	54	1	14	15
69	2261	65	2	2	4
69	2226	56	1	12	13
70	2269	67	1	2	3
70	2229	57	9	4	13
70	2236	59	2	9	11
70	2227	56	2	12	14
71	2265	66	1	4	5
71	2257	64	5	2	7
71	2221	55	14	2	16
72	2240	60	2	10	12
72	2248	62	3	7	10
72	2253	63	7	2	9
72	2277	69	1	2	3
73	2252	63	3	7	10
73	2197	49	22	2	24
74	2234	58	2	14	16
74	2235	58	2	14	16
74	2243	60	3	11	14
74	2231	57	2	15	17
74	2238	59	2	13	15
75	2239	59	2	14	16
75	2247	61	3	11	14
75	2246	61	3	11	14
75	2242	60	3	12	15
75	2256	64	3	8	11
75	2285	71	2	2	4
75	2272	68	3	4	7
75	6	27	0	48	48
75	5	27	0	48	48
75	16	75	NaN	NaN	NaN
76	2244	61	3	12	15
76	2230	57	2	17	19
76	2302	75	0	1	1
76	2249	62	10	4	14
76	2293	73	1	2	3
76	2276	69	3	4	7
76	2251	62	3	11	14
76	2250	62	3	11	14
77	2254	63	3	11	14
77	2289	72	3	2	5
77	2297	74	1	2	3
77	2237	59	13	5	18
78	2280	70	3	5	8
78	2268	67	3	8	11
78	2270	67	3	8	11
78	2273	68	5	5	10
78	2241	60	13	5	18
78	2271	67	3	8	11
79	2284	71	3	5	8
79	2275	68	3	8	11
79	2259	64	3	12	15
79	2258	64	3	12	15
79	2288	72	3	4	7
79	2274	68	3	8	11
79	2177	44	0	35	35
79	2260	65	3	11	14
80	2255	63	3	14	17
80	2267	66	3	11	14
80	2307	76	2	2	4
80	2225	56	22	2	24
80	2264	66	3	11	14
81	2292	73	4	4	8
81	2283	70	3	8	11
81	2306	76	1	4	5
81	2233	58	21	2	23
81	2296	74	4	3	7
81	2282	70	3	8	11
82	2286	71	3	8	11
82	2287	71	3	8	11
82	2303	75	4	3	7
82	2300	75	4	3	7
82	2262	65	3	14	17
82	2281	70	11	1	12
82	2313	78	2	2	4
82	2317	79	1	2	3
82	2263	65	3	14	17
83	2294	73	4	6	10
83	2301	75	1	7	8
83	2295	73	4	6	10
84	2299	74	4	6	10
84	2279	69	4	11	15
84	2278	69	4	11	15
84	2298	74	4	6	10
85	2319	79	3	3	6
85	2318	79	3	3	6
85	2316	79	3	3	6
85	2320	80	2	3	5
85	2309	77	6	2	8
85	2291	72	4	9	13
86	2290	72	4	10	14
86	2308	77	3	6	9
86	2310	77	3	6	9
86	2311	77	3	6	9
86	2324	81	2	3	5
86	2217	54	29	3	32
87	2312	78	3	6	9
87	2314	78	3	6	9
87	2315	78	3	6	9
87	2328	82	2	3	5
87	2321	80	1	6	7
87	2213	53	31	3	34
87	2322	80	2	5	7
88	2326	81	2	5	7
89	2342	85	2	2	4
89	2340	85	2	2	4
89	2330	82	2	5	7
89	2327	81	3	5	8
89	2329	82	1	6	7
89	2337	84	1	4	5
89	2332	83	2	4	6
90	2344	86	2	2	4
90	2334	83	2	5	7
90	2335	83	2	5	7
90	2333	83	1	6	7
90	2331	82	3	5	8
91	2323	80	3	8	11
91	2348	87	2	2	4
91	2353	88	1	2	3
91	2341	85	1	5	6
91	2336	84	2	5	7
92	2346	86	2	4	6
92	2347	86	2	4	6
93	2350	87	2	4	6
93	2351	87	2	4	6
93	2356	89	2	2	4
93	2343	85	2	6	8
93	2345	86	1	6	7
93	2361	90	1	2	3
93	2349	87	2	4	6
94	2354	88	2	4	6
94	2355	88	2	4	6
94	2360	90	2	2	4
94	2338	84	2	8	10
94	2339	84	2	8	10
95	2358	89	2	4	6
95	2359	89	2	4	6
96	2352	88	1	7	8
96	2364	91	1	4	5
96	2362	90	2	4	6
96	2363	90	2	4	6
97	2368	92	1	4	5
97	2370	92	1	4	5
98	2366	91	2	5	7
98	2367	91	2	5	7
99	2376	94	2	3	5
100	2380	95	2	3	5
100	2372	93	1	6	7
100	2371	92	2	6	8
100	2379	94	2	4	6
101	2384	96	2	3	5
101	2374	93	2	6	8
101	2375	93	2	6	8
102	2382	95	2	5	7
102	2383	95	2	5	7
102	2378	94	2	6	8
103	2387	96	2	5	7
103	2392	98	2	3	5
104	2386	96	2	6	8
105	2388	97	2	6	8
105	2390	97	2	6	8
105	2391	97	2	6	8
106	2394	98	2	6	8
106	2395	98	2	6	8
107	2396	99	2	6	8
108	2400	100	2	6	8
110	2404	101	2	7	9
110	2406	101	2	7	9
110	2399	99	2	9	11
110	2398	99	2	9	11
110	2408	102	2	6	8
111	2412	103	2	6	8
113	2403	100	3	10	13
113	2402	100	3	10	13
113	2416	104	2	7	9
116	2410	102	2	12	14
116	2407	101	3	12	15
117	2415	103	2	12	14
117	2414	103	2	12	14
119	2428	107	3	9	12
119	2411	102	3	14	17
121	2435	108	3	10	13
121	2444	111	4	6	10
121	2420	105	3	13	16
121	2436	109	3	9	12
121	8	29	0	92	92
121	11	29	0	92	92
121	10	29	0	92	92
121	24	121	NaN	NaN	NaN
122	2185	46	0	76	76
122	2423	105	3	14	17
122	2422	105	3	14	17
123	2357	89	32	2	34
123	2469	117	4	2	6
123	2429	107	14	2	16
123	2424	106	3	14	17
124	2481	120	2	2	4
125	2432	108	3	14	17
125	2418	104	3	18	21
125	2419	104	3	18	21
125	2489	122	1	2	3
125	2397	99	22	4	26
126	2464	116	5	5	10
126	2446	111	4	11	15
126	2447	111	4	11	15
126	2485	121	1	4	5
126	2477	119	5	2	7
126	2385	96	28	2	30
127	2473	118	7	2	9
127	2057	14	31	82	113
127	2426	106	3	18	21
128	2427	106	3	19	22
128	2405	101	25	2	27
128	2476	119	4	5	9
129	2430	107	3	19	22
129	2431	107	3	19	22
129	2443	110	4	15	19
129	2442	110	4	15	19
129	2440	110	4	15	19
130	2480	120	4	6	10
130	2460	115	5	10	15
130	2434	108	3	19	22
130	2497	124	1	5	6
130	2465	116	12	2	14
130	2467	116	5	9	14
130	7	27	0	103	103
130	15	66	0	64	64
130	14	66	0	64	64
130	28	130	NaN	NaN	NaN
131	2451	112	4	15	19
131	2450	112	4	15	19
131	2513	128	1	2	3
131	2501	125	2	4	6
131	2461	115	13	3	16
131	2466	116	5	10	15
131	2454	113	4	14	18
131	2452	113	4	14	18
132	2472	118	4	10	14
132	2448	112	4	16	20
132	2517	129	1	2	3
132	2453	113	14	5	19
132	2381	95	33	4	37
132	2509	127	3	2	5
133	2456	114	4	15	19
133	2438	109	4	20	24
134	2459	114	5	15	20
134	2457	114	15	5	20
134	2482	120	4	10	14
134	2483	120	4	10	14
135	2533	133	1	1	2
135	2521	130	1	4	5
135	2413	103	30	2	32
135	2500	125	5	5	10
135	2484	121	4	10	14
135	2487	121	4	10	14
136	2488	122	4	10	14
136	2449	112	22	2	24
136	2505	126	7	3	10
137	2468	117	5	15	20
137	2492	123	4	10	14
137	2491	122	4	11	15
137	2537	134	1	2	3
137	2445	111	23	3	26
137	2201	50	83	4	87
137	2455	113	4	20	24
137	2471	117	5	15	20
137	2470	117	5	15	20
138	2475	118	5	15	20
138	2474	118	5	15	20
138	2441	110	26	2	28
138	2543	135	1	2	3
138	2458	114	4	20	24
139	2499	124	5	10	15
139	2493	123	14	2	16
139	2325	81	57	1	58
139	2478	119	4	16	20
139	2496	124	4	11	15
139	2439	109	4	26	30
140	2498	124	5	11	16
140	2502	125	5	10	15
140	2503	125	5	10	15
140	2462	115	5	20	25
140	2463	115	5	20	25
140	2437	109	29	2	31
140	2433	108	31	1	32
141	2506	126	5	10	15
141	2507	126	5	10	15
141	2490	122	4	15	19
141	2524	131	5	5	10
141	2365	91	3	47	50
141	2528	132	4	5	9
141	2504	126	5	10	15
142	2508	127	5	10	15
142	2425	106	34	2	36
142	2545	136	4	2	6
143	2512	128	5	10	15
143	2514	128	5	10	15
143	2515	128	5	10	15
143	2532	133	5	5	10
143	2495	123	4	16	20
143	2494	123	4	16	20
144	2516	129	5	10	15
144	2518	129	5	10	15
144	2519	129	5	10	15
144	2536	134	5	5	10
145	2523	130	5	10	15
145	2544	136	4	5	9
145	2479	119	5	21	26
145	2565	141	0	4	4
145	2421	105	36	4	40
145	2526	131	5	9	14
145	2527	131	5	9	14
146	2530	132	4	10	14
146	2511	127	5	14	19
146	2510	127	5	14	19
146	2569	142	0	4	4
146	2389	97	44	5	49
147	2552	138	4	5	9
147	2534	133	5	9	14
147	2535	133	5	9	14
147	2417	104	38	5	43
148	2560	140	4	4	8
148	2538	134	5	9	14
148	2539	134	5	9	14
148	2520	130	5	13	18
149	2564	141	4	4	8
149	2546	136	4	9	13
149	2547	136	5	8	13
150	2531	132	5	13	18
150	2568	142	4	4	8
152	2572	143	4	5	9
152	2554	138	4	10	14
152	2555	138	4	10	14
152	2556	139	4	9	13
153	2559	139	5	9	14
154	2566	141	4	9	13
154	2567	141	4	9	13
155	2548	137	5	13	18
155	2570	142	4	9	13
155	2571	142	4	9	13
156	2584	146	4	6	10
156	2574	143	4	9	13
156	2575	143	4	9	13
157	2588	147	4	6	10
157	2551	137	5	15	20
157	2550	137	5	15	20
158	2592	148	4	6	10
158	2558	139	4	15	19
158	2576	144	3	11	14
158	2563	140	4	14	18
159	2562	140	4	15	19
159	2580	145	3	11	14
159	2578	144	4	11	15
159	2579	144	4	11	15
160	2582	145	4	11	15
160	2583	145	4	11	15
161	2586	146	4	11	15
161	2587	146	4	11	15
162	2591	147	4	11	15
163	2594	148	4	11	15
163	2590	147	4	12	16
166	2596	149	5	12	17
167	2600	150	5	12	17
168	2604	151	5	12	17
169	2608	152	5	12	17
171	2612	153	5	13	18
172	2595	148	5	19	24
173	2561	140	5	28	33
173	2599	149	5	19	24
173	2598	149	5	19	24
173	2620	155	5	13	18
173	22	76	2	95	97
173	20	76	0	97	97
173	19	75	0	98	98
173	23	76	1	96	97
173	36	173	NaN	NaN	NaN
174	2603	150	5	19	24
174	2602	150	5	19	24
174	2624	156	5	13	18
175	2607	151	5	19	24
175	2606	151	5	19	24
175	2628	157	5	13	18
175	2699	174	0	1	1
175	2621	155	18	2	20
176	2610	152	5	19	24
176	2632	158	5	13	18
176	2694	173	1	2	3
176	2693	173	1	2	3
176	2637	159	14	3	17
177	2636	159	5	13	18
177	2656	164	6	7	13
177	2611	152	5	20	25
177	2689	172	2	3	5
178	2660	165	6	7	13
178	2615	153	5	20	25
178	2614	153	5	20	25
178	2705	176	0	2	2
178	2525	131	42	5	47
178	2618	154	5	19	24
179	2616	154	5	20	25
179	2640	160	5	14	19
179	2622	155	5	19	24
179	2619	154	6	19	25
179	2698	174	1	4	5
179	2685	171	6	2	8
179	2486	121	1	57	58
179	2577	144	0	35	35
179	2644	161	5	13	18
180	2623	155	6	19	25
180	2648	162	5	13	18
180	2173	43	1	136	137
180	2647	161	6	13	19
181	2627	156	6	19	25
181	2672	168	7	6	13
181	2676	169	6	6	12
181	2630	157	5	19	24
182	2652	163	6	13	19
182	2654	163	6	13	19
182	2655	163	6	13	19
182	2681	170	8	4	12
182	2680	170	6	6	12
182	2626	156	6	20	26
183	2631	157	6	20	26
183	2658	164	6	13	19
183	2659	164	6	13	19
183	2638	159	5	19	24
183	2683	170	7	6	13
184	2688	172	6	6	12
184	2635	158	6	20	26
184	2634	158	6	20	26
184	2662	165	6	13	19
184	2677	169	11	4	15
185	2695	173	6	6	12
185	2692	173	6	6	12
185	2643	160	5	20	25
185	2642	160	5	20	25
185	2721	180	1	4	5
185	2673	168	13	4	17
186	2670	167	7	12	19
186	2671	167	7	12	19
186	2650	162	5	19	24
186	2639	159	6	21	27
186	2664	166	7	13	20
186	2666	166	7	13	20
186	2709	177	1	8	9
186	2593	148	32	6	38
187	2674	168	7	12	19
187	2675	168	7	12	19
187	2704	176	5	6	11
187	2669	167	14	6	20
187	2651	162	6	19	25
188	2678	169	7	12	19
188	2679	169	7	12	19
188	2682	170	6	12	18
188	2725	181	1	6	7
189	2708	177	6	6	12
189	2684	171	6	12	18
189	2686	171	6	12	18
189	2687	171	6	12	18
189	2729	182	1	6	7
189	2713	178	2	9	11
190	2712	178	6	6	12
190	2690	172	6	12	18
190	2691	172	6	12	18
190	2663	165	6	19	25
190	2733	183	1	6	7
190	2701	175	6	9	15
191	2646	161	5	25	30
191	2667	166	7	18	25
191	2737	184	1	6	7
191	2668	167	7	17	24
192	2702	175	6	11	17
192	2703	175	6	11	17
192	2749	187	1	4	5
193	2706	176	6	11	17
193	2707	176	6	11	17
193	2711	177	6	10	16
194	2736	184	5	5	10
194	2710	177	6	11	17
195	2714	178	6	11	17
195	2715	178	6	11	17
195	2719	179	6	10	16
196	2740	185	5	6	11
196	2716	179	6	11	17
197	2722	180	6	11	17
197	2723	180	6	11	17
198	2700	175	5	18	23
198	2726	181	6	11	17
198	2727	181	6	11	17
200	2732	183	5	12	17
201	2738	184	5	12	17
203	2718	179	6	18	24
203	2720	180	5	18	23
204	2744	186	5	13	18
206	2724	181	5	20	25
207	2748	187	5	15	20
208	2776	194	6	8	14
208	2754	188	5	15	20
208	2755	188	5	15	20
208	2731	182	6	20	26
208	2735	183	5	20	25
208	2734	183	5	20	25
208	32	135	0	73	73
208	34	135	2	71	73
208	27	121	0	87	87
208	35	135	1	72	73
208	44	208	NaN	NaN	NaN
209	2756	189	5	15	20
209	2645	161	47	1	48
209	2784	196	6	7	13
209	2739	184	5	20	25
209	2760	190	5	14	19
210	2821	205	3	2	5
210	2825	206	3	1	4
210	2743	185	5	20	25
210	2742	185	5	20	25
211	2617	154	55	2	57
211	2829	207	2	2	4
211	2837	209	1	1	2
211	2747	186	5	20	25
211	2746	186	5	20	25
212	2833	208	0	4	4
212	2845	211	0	1	1
212	2751	187	5	20	25
213	2834	208	0	5	5
214	2796	199	7	8	15
214	2768	192	6	16	22
214	2817	204	9	1	10
214	2769	192	20	2	22
214	2750	187	5	22	27
214	2752	188	4	22	26
214	2728	182	5	27	32
215	2806	201	7	7	14
215	2804	201	7	7	14
215	2775	193	7	15	22
215	2778	194	6	15	21
215	2807	201	7	7	14
215	2853	213	0	2	2
215	2581	145	68	2	70
215	31	130	0	85	85
215	13	66	0	149	149
215	21	76	0	139	139
215	48	215	NaN	NaN	NaN
216	2759	189	5	22	27
216	2758	189	5	22	27
216	2857	214	0	2	2
216	2813	203	11	2	13
217	2780	195	7	15	22
217	2763	190	5	22	27
217	2762	190	5	22	27
217	2767	191	6	20	26
218	2764	191	5	22	27
218	2865	216	0	2	2
218	2765	191	1	26	27
218	2771	192	6	20	26
219	2861	215	0	4	4
219	2862	215	0	4	4
219	2809	202	15	2	17
219	2805	201	16	2	18
220	2772	193	6	21	27
220	2730	182	5	33	38
220	2665	166	9	45	54
220	2774	193	6	21	27
221	2800	200	7	14	21
221	2828	207	7	7	14
222	2836	209	6	7	13
222	2873	218	0	4	4
222	2881	220	0	2	2
222	2877	219	1	2	3
223	2812	203	7	13	20
223	2717	179	41	3	44
224	2885	221	0	3	3
225	2801	200	21	4	25
225	2797	199	22	4	26
225	2795	198	7	20	27
226	2770	192	6	28	34
226	2793	198	23	5	28
227	2792	198	7	22	29
227	2766	191	6	30	36
227	2824	206	7	14	21
227	2741	185	38	4	42
227	2799	199	7	21	28
227	2798	199	7	21	28
228	2830	207	7	14	21
228	2831	207	7	14	21
228	2803	200	7	21	28
228	2802	200	7	21	28
228	2893	223	1	4	5
228	2789	197	27	4	31
229	2838	209	6	14	20
229	2839	209	6	14	20
229	2811	202	7	20	27
229	2832	208	7	14	21
230	2843	210	6	14	20
230	2814	203	7	20	27
230	2810	202	7	21	28
230	2745	186	5	39	44
230	2808	202	7	21	28
231	2846	211	6	14	20
231	2847	211	6	14	20
231	2897	224	1	6	7
231	2782	195	7	29	36
231	2783	195	7	29	36
232	2815	203	7	22	29
232	2844	211	6	15	21
232	2848	212	6	14	20
233	2816	204	7	22	29
233	2786	196	7	30	37
233	2787	196	7	30	37
233	2791	197	7	29	36
234	2820	205	7	22	29
234	2788	197	7	30	37
234	2790	197	7	30	37
234	2794	198	7	29	36
235	2852	213	6	16	22
235	2854	213	6	16	22
235	2855	213	6	16	22
235	2827	206	7	22	29
235	2826	206	7	22	29
236	2880	220	7	9	16
236	2858	214	7	15	22
237	2859	214	7	16	23
237	2856	214	7	16	23
238	2864	216	6	16	22
238	2888	222	7	9	16
238	2842	210	6	22	28
238	2835	208	7	23	30
239	2868	217	6	16	22
239	2892	223	7	9	16
239	2866	216	6	17	23
240	2840	210	6	24	30
240	2779	194	7	39	46
240	2872	218	6	16	22
241	2896	224	7	10	17
241	2870	217	6	18	24
241	2871	217	6	18	24
241	2819	204	7	30	37
242	2900	225	7	10	17
242	2874	218	6	18	24
242	2875	218	6	18	24
242	2851	212	6	24	30
242	2850	212	6	24	30
243	2904	226	7	10	17
243	2878	219	6	18	24
243	2879	219	6	18	24
243	2818	204	7	32	39
244	2822	205	7	32	39
244	2823	205	7	32	39
245	2908	227	8	10	18
246	2884	221	6	19	25
246	2882	220	7	19	26
246	2883	220	7	19	26
247	2863	215	6	26	32
247	2860	215	6	26	32
247	2886	221	7	19	26
247	2887	221	7	19	26
248	2867	216	6	26	32
248	2890	222	7	19	26
248	2891	222	7	19	26
248	2894	223	7	18	25
249	2895	223	7	19	26
249	2898	224	7	18	25
250	2899	224	7	19	26
250	2903	225	7	18	25
250	2928	232	9	9	18
250	43	174	2	74	76
250	40	174	0	76	76
250	42	174	0	76	76
250	39	173	0	77	77
250	18	75	0	175	175
250	17	75	0	175	175
250	52	250	NaN	NaN	NaN
251	2932	233	9	9	18
251	2876	219	6	26	32
251	2902	225	7	19	26
251	2936	234	9	8	17
252	2977	244	6	2	8
252	2901	225	25	2	27
252	2906	226	8	18	26
252	2907	226	8	18	26
253	2929	232	19	2	21
253	2781	195	55	3	58
253	2910	227	8	18	26
253	2911	227	8	18	26
254	2918	229	8	17	25
254	2948	237	9	8	17
254	2912	228	8	18	26
254	2542	135	8	111	119
254	3005	251	1	2	3
254	2997	249	2	3	5
255	2952	238	9	8	17
255	2916	229	8	18	26
255	3002	250	1	4	5
255	3001	250	1	4	5
255	2549	137	10	108	118
255	26	121	0	134	134
255	25	121	0	134	134
255	30	130	0	125	125
255	33	135	0	120	120
255	29	130	0	125	125
255	56	255	NaN	NaN	NaN
256	2960	240	9	7	16
256	2920	230	9	17	26
256	2922	230	9	17	26
256	2923	230	9	17	26
256	2993	248	6	2	8
257	2924	231	9	17	26
257	2930	232	9	16	25
257	2931	232	9	16	25
257	2597	149	106	2	108
257	2974	243	8	6	14
258	2972	243	8	7	15
258	2968	242	9	7	16
258	2989	247	9	2	11
258	2937	234	22	2	24
258	2609	152	104	2	106
258	2940	235	9	14	23
259	2939	234	10	15	25
259	2985	246	11	2	13
259	2981	245	12	2	14
259	2944	236	9	14	23
260	2915	228	8	24	32
260	2914	228	8	24	32
260	3029	257	1	2	3
261	2988	247	7	7	14
261	2950	237	9	15	24
261	2951	237	9	15	24
261	2987	246	8	7	15
261	2986	246	8	7	15
261	2955	238	9	14	23
261	3009	252	7	2	9
261	2841	210	49	2	51
261	2958	239	9	13	22
262	2959	239	9	14	23
262	2995	248	7	7	14
262	2994	248	7	7	14
262	2992	248	7	7	14
262	2954	238	9	15	24
262	2996	249	6	7	13
262	2919	229	9	24	33
262	2956	239	9	14	23
262	3017	254	6	2	8
262	2973	243	17	2	19
262	2953	238	22	2	24
263	2962	240	9	14	23
263	2963	240	9	14	23
263	2999	249	7	7	14
263	2998	249	7	7	14
263	2967	241	9	13	22
263	3003	250	6	7	13
263	3000	250	6	7	13
264	2927	231	9	24	33
264	2926	231	9	24	33
264	2964	241	9	14	23
265	2975	243	8	14	22
265	2938	234	9	22	31
265	2970	242	9	14	23
265	2971	242	9	14	23
265	2942	235	9	21	30
265	2969	242	19	4	23
265	2849	212	50	3	53
265	3012	253	6	6	12
265	2935	233	10	22	32
266	2934	233	10	23	33
266	2976	244	8	14	22
266	2978	244	8	14	22
266	2979	244	8	14	22
266	2943	235	9	22	31
266	3041	260	1	5	6
266	2984	246	7	13	20
267	2980	245	8	14	22
267	2947	236	9	22	31
267	2946	236	9	22	31
267	3016	254	6	7	13
267	2965	241	22	4	26
267	2961	240	24	3	27
268	2990	247	7	14	21
268	2991	247	7	14	21
268	2957	239	25	4	29
269	3028	257	6	6	12
269	3004	251	6	12	18
269	3057	264	1	4	5
270	3006	251	6	13	19
270	3007	251	6	13	19
270	2966	241	9	20	29
270	3008	252	6	12	18
270	3036	259	6	5	11
271	3011	252	6	13	19
271	3040	260	6	5	11
271	3014	253	6	12	18
271	3015	253	6	12	18
271	3049	262	3	6	9
271	3065	266	1	4	5
272	3018	254	6	12	18
272	3019	254	6	12	18
272	2983	245	8	19	27
272	2982	245	8	19	27
273	3027	256	6	11	17
273	3048	262	6	5	11
274	3020	255	6	13	19
274	3023	255	6	13	19
274	3024	256	6	12	18
275	3056	264	5	6	11
275	3030	257	6	12	18
275	3031	257	6	12	18
275	3032	258	6	11	17
275	3034	258	6	11	17
276	3060	265	5	6	11
276	3035	258	6	12	18
276	3010	252	6	18	24
277	3038	259	6	12	18
277	3064	266	5	6	11
278	3039	259	6	13	19
279	3050	262	6	11	17
279	3051	262	6	11	17
280	3072	268	5	7	12
280	3044	261	6	13	19
280	3076	269	5	6	11
280	3026	256	6	18	24
281	3052	263	5	13	18
281	3054	263	6	12	18
281	3055	263	6	12	18
281	3058	264	5	12	17
282	3062	265	5	12	17
282	3080	270	6	6	12
282	3097	274	6	2	8
282	3022	255	25	2	27
282	3066	266	5	11	16
282	3067	266	5	11	16
283	3084	271	6	6	12
283	3063	265	5	13	18
283	3013	253	28	2	30
283	3021	255	25	3	28
283	3046	261	6	16	22
284	3068	267	4	13	17
284	3061	265	17	2	19
284	3125	281	1	2	3
284	3117	279	2	3	5
284	3092	273	6	5	11
284	3070	267	5	12	17
285	3071	267	5	13	18
285	3047	261	6	18	24
285	3079	269	5	11	16
285	3074	268	5	12	17
285	3122	280	1	4	5
285	3033	258	22	5	27
285	3025	256	1	28	29
285	3075	268	5	12	17
285	3078	269	5	11	16
286	3100	275	6	5	11
286	3104	276	5	5	10
287	3108	277	5	5	10
287	3059	264	5	18	23
287	3082	270	6	11	17
287	3083	270	6	11	17
287	3113	278	6	3	9
287	3037	259	26	2	28
288	3086	271	6	11	17
288	3087	271	6	11	17
289	3042	260	6	23	29
289	3043	260	6	23	29
289	3088	272	6	11	17
289	3094	273	6	10	16
290	3096	274	6	10	16
290	3098	274	6	10	16
290	3099	274	6	10	16
290	3106	276	5	9	14
290	3109	277	9	4	13
290	3105	276	10	4	14
290	3107	276	5	9	14
290	3102	275	6	9	15
290	3103	275	6	9	15
291	3128	282	4	5	9
291	3145	286	1	4	5
291	3045	261	25	5	30
291	3111	277	5	9	14
291	3110	277	5	9	14
293	3091	272	6	15	21
293	3090	272	6	15	21
293	3112	278	5	10	15
293	3095	273	6	14	20
294	3116	279	5	10	15
296	3124	281	4	11	15
297	3148	287	4	6	10
297	3130	282	4	11	15
297	3126	281	5	11	16
297	3127	281	5	11	16
298	3136	284	4	10	14
298	3132	283	4	11	15
299	3115	278	5	16	21
299	3114	278	5	16	21
300	3119	279	5	16	21
300	3118	279	5	16	21
302	3140	285	4	13	17
303	3150	287	4	12	16
303	3151	287	4	12	16
303	3144	286	4	13	17
304	3131	282	5	17	22
305	3135	283	4	18	22
305	3134	283	4	18	22
305	3152	288	4	13	17
306	3139	284	4	18	22
308	3147	286	4	18	22
309	3146	286	4	19	23
309	3156	289	5	15	20
310	3142	285	4	21	25
310	3160	290	5	15	20
311	3164	291	5	15	20
312	2917	229	1	82	83
312	59	255	0	57	57
312	55	250	0	62	62
312	51	215	0	97	97
312	47	208	0	104	104
312	41	174	0	138	138
312	64	312	NaN	NaN	NaN
313	3155	288	4	21	25
313	3154	288	4	21	25
313	3053	263	0	50	50
313	3175	293	6	14	20
314	3176	294	5	15	20
314	3173	293	19	2	21
314	2661	165	26	123	149
314	3159	289	5	20	25
314	3158	289	5	20	25
315	3250	312	1	2	3
315	3249	312	1	2	3
315	3245	311	2	2	4
316	3143	285	4	27	31
316	3255	313	1	2	3
316	2785	196	31	89	120
316	3138	284	4	28	32
316	3180	295	6	15	21
317	3162	290	5	22	27
317	3184	296	6	15	21
317	3257	314	1	2	3
317	2889	222	90	5	95
317	3073	268	0	49	49
318	3241	310	6	2	8
318	3163	290	5	23	28
319	3168	292	5	22	27
319	3237	309	8	2	10
319	3188	297	7	15	22
319	3190	297	7	15	22
320	3191	297	7	16	23
320	3224	306	7	7	14
320	3194	298	7	15	22
320	3195	298	7	15	22
320	3223	305	8	7	15
320	3222	305	8	7	15
320	3220	305	8	7	15
320	3233	308	10	2	12
320	3133	283	35	2	37
320	3141	285	5	30	35
321	3228	307	7	7	14
321	3171	292	6	23	29
321	3196	299	7	15	22
321	3198	299	7	15	22
321	3229	307	12	2	14
321	3225	306	13	2	15
321	3277	319	1	1	2
321	3199	299	7	15	22
322	3172	293	6	23	29
322	3273	318	1	3	4
323	3236	309	7	7	14
323	3179	294	6	23	29
323	3178	294	6	23	29
323	3204	301	7	15	22
323	3208	302	7	14	21
324	3240	310	7	7	14
324	3183	295	6	23	29
324	3182	295	6	23	29
324	3186	296	6	22	28
325	3166	291	5	29	34
325	3167	291	5	29	34
325	3285	321	0	4	4
326	3212	303	8	15	23
326	3221	305	17	4	21
326	3289	322	1	3	4
327	3187	296	7	24	31
327	3256	314	6	7	13
327	3226	306	7	14	21
327	3227	306	7	14	21
328	3230	307	7	14	21
328	3231	307	7	14	21
328	3293	323	1	4	5
329	3200	300	7	22	29
329	3174	293	6	30	36
329	3232	308	7	14	21
329	3264	316	6	7	13
329	3235	308	7	14	21
329	3207	301	7	21	28
330	3238	309	7	14	21
330	3239	309	7	14	21
330	3217	304	18	8	26
330	3297	324	0	6	6
330	3242	310	7	13	20
330	3243	310	7	13	20
331	3211	302	8	21	29
331	3210	302	8	21	29
331	3215	303	8	20	28
331	3301	325	0	6	6
331	3305	326	0	5	5
332	3272	318	7	7	14
332	3244	311	7	14	21
333	3218	304	8	21	29
333	3216	304	8	21	29
333	3276	319	7	7	14
333	3248	312	6	15	21
333	3170	292	5	36	41
334	3192	298	6	30	36
334	3280	320	7	7	14
335	3288	322	6	7	13
336	3234	308	7	21	28
336	3258	314	7	15	22
336	3259	314	7	15	22
336	3206	301	7	28	35
337	3202	300	7	30	37
337	3203	300	7	30	37
338	3296	324	6	8	14
338	3268	317	6	15	21
339	3266	316	7	16	23
339	3267	316	7	16	23
340	3300	325	6	9	15
340	3270	317	7	16	23
340	3271	317	7	16	23
340	3214	303	8	29	37
341	3304	326	6	9	15
341	3247	311	7	23	30
342	3246	311	7	24	31
342	3278	319	7	16	23
342	3279	319	7	16	23
343	3282	320	7	16	23
343	3283	320	7	16	23
343	3308	327	7	9	16
344	3219	304	8	32	40
345	3284	321	6	18	24
345	3251	312	7	26	33
346	3287	321	7	18	25
347	3316	329	8	10	18
347	3298	324	6	17	23
348	3292	323	6	19	25
349	3303	325	6	18	24
350	3275	318	7	25	32
350	3274	318	7	25	32
350	3302	325	6	19	25
351	3306	326	6	19	25
351	3307	326	6	19	25
353	3310	327	7	19	26
353	3311	327	7	19	26
354	3312	328	7	19	26
355	3290	322	6	27	33
356	3286	321	6	29	35
356	3295	323	6	27	33
356	3294	323	6	27	33
357	3291	322	6	29	35
359	3320	330	8	21	29
360	3299	324	6	30	36
360	3324	331	8	21	29
362	3328	332	9	21	30
364	3332	333	9	22	31
364	3336	334	8	22	30
366	3340	335	9	22	31
366	3315	328	7	31	38
366	3314	328	7	31	38
367	3344	336	9	22	31
369	63	280	0	89	89
369	60	280	0	89	89
369	62	280	0	89	89
369	76	369	NaN	NaN	NaN
370	3348	337	9	24	33
370	3319	329	8	33	41
370	3318	329	8	33	41
371	3352	338	9	24	33
371	3323	330	8	33	41
371	3169	292	77	2	79
371	3397	349	20	2	22
371	3322	330	8	33	41
371	3356	339	9	23	32
372	3326	331	8	33	41
372	3161	290	79	3	82
373	2921	230	1	142	143
373	3481	370	1	2	3
373	3473	368	2	3	5
373	3327	331	8	34	42
374	3263	315	55	4	59
374	3478	369	1	4	5
374	3477	369	1	4	5
375	3372	343	9	23	32
375	3331	332	9	34	43
375	3489	372	1	2	3
375	3321	330	39	6	45
375	3317	329	0	46	46
375	3330	332	9	34	43
376	3335	333	9	34	43
376	3334	333	9	34	43
376	3413	353	22	1	23
377	3465	366	10	1	11
377	3343	335	9	33	42
378	3342	335	9	34	43
378	3347	336	9	33	42
378	3369	342	34	2	36
378	3461	365	11	2	13
378	3505	376	1	1	2
378	3346	336	9	33	42
379	3453	363	14	2	16
379	3457	364	13	2	15
379	3469	367	7	5	12
379	3380	345	10	24	34
380	3382	345	10	25	35
380	3383	345	10	25	35
380	3355	338	9	33	42
380	3428	357	12	11	23
380	2905	226	1	153	154
380	3384	346	10	24	34
381	3388	347	10	24	34
381	3405	351	28	2	30
382	3432	358	12	12	24
382	3350	337	9	36	45
382	3392	348	10	24	34
382	3396	349	10	23	33
383	3360	340	9	34	43
384	3444	361	11	12	23
384	3449	362	18	4	22
385	3364	341	9	35	44
385	3448	362	11	12	23
385	3400	350	11	24	35
385	3404	351	11	23	34
385	3509	377	1	7	8
385	3521	380	1	4	5
385	3368	342	9	34	43
386	3452	363	11	12	23
386	3363	340	10	36	46
386	3445	361	19	6	25
386	3408	352	11	23	34
387	3374	343	9	35	44
387	3456	364	11	12	23
387	3441	360	21	6	27
387	3371	342	10	35	45
387	3412	353	11	23	34
388	3416	354	11	23	34
389	3376	344	9	36	45
389	3338	334	9	46	55
389	3339	334	9	46	55
391	3468	367	11	13	24
392	3351	337	9	46	55
393	3424	356	12	25	37
393	3430	357	12	24	36
394	3431	357	12	25	37
394	3479	369	11	14	25
394	3476	369	11	14	25
394	3387	346	10	38	48
394	3386	346	10	38	48
395	3391	347	10	38	48
395	3390	347	10	38	48
396	3395	348	10	38	48
396	3439	359	12	25	37
397	3484	371	11	15	26
397	3354	338	9	50	59
397	3436	359	12	26	38
398	3362	340	9	49	58
398	3358	339	9	50	59
398	3359	339	9	50	59
399	3440	360	12	27	39
399	3402	350	11	38	49
400	3399	349	11	40	51
400	3398	349	11	40	51
400	3366	341	9	50	59
400	3367	341	9	50	59
401	3406	351	11	39	50
401	3370	342	9	50	59
402	3500	375	11	16	27
402	3454	363	11	28	39
403	3411	352	11	40	51
403	3410	352	11	40	51
404	3458	364	11	29	40
404	3455	363	12	29	41
404	3460	365	11	28	39
405	3462	365	11	29	40
405	3463	365	11	29	40
405	3459	364	12	29	41
406	3414	353	11	42	53
406	3378	344	9	53	62
406	3464	366	11	29	40
407	3470	367	11	29	40
407	3471	367	11	29	40
408	3466	366	11	31	42
408	3467	366	11	31	42
408	3375	343	10	55	65
409	3423	355	12	42	54
409	3422	355	12	42	54
409	3419	354	12	43	55
409	3418	354	12	43	55
410	3309	327	0	83	83
410	68	313	0	97	97
410	70	313	0	97	97
410	71	313	0	97	97
410	74	315	2	93	95
410	72	315	0	95	95
410	84	410	NaN	NaN	NaN
411	3520	380	13	18	31
411	3426	356	12	43	55
411	3420	355	12	44	56
412	3524	381	13	18	31
412	3434	358	12	42	54
412	3480	370	11	31	42
412	3482	370	11	31	42
412	3483	370	11	31	42
412	3533	383	1	28	29
412	3565	391	19	2	21
412	3394	348	10	54	64
413	3487	371	11	31	42
413	3528	382	14	17	31
413	3435	358	12	43	55
413	3501	375	36	2	38
413	3642	410	1	2	3
413	3641	410	1	2	3
413	3333	333	77	3	80
414	3532	383	14	17	31
414	3438	359	12	43	55
414	3486	371	11	32	43
414	3488	372	11	31	42
414	3490	372	11	31	42
414	3637	409	2	3	5
414	2753	188	1	225	226
414	3443	360	12	42	54
415	3495	373	11	31	42
415	3536	384	15	16	31
415	2933	233	177	5	182
415	3442	360	12	43	55
416	3403	350	11	55	66
416	3492	373	11	32	43
416	3494	373	11	32	43
416	3447	361	12	43	55
416	3633	408	6	2	8
416	3577	394	20	2	22
416	3446	361	12	43	55
417	3502	375	11	31	42
417	3503	375	11	31	42
417	3629	407	8	2	10
417	3625	406	9	2	11
417	3421	355	60	2	62
417	3407	351	11	55	66
418	3548	387	16	15	31
418	3451	362	12	44	56
418	3621	405	11	2	13
418	3450	362	12	44	56
419	3504	376	11	32	43
419	3506	376	11	32	43
419	3507	376	11	32	43
419	3508	377	11	31	42
420	3511	377	12	31	43
420	3415	353	12	55	67
421	3514	378	12	31	43
421	3515	378	12	31	43
421	3381	345	72	4	76
422	3512	378	12	32	44
422	3661	415	1	6	7
422	3617	404	14	4	18
422	3516	379	12	31	43
423	3427	356	12	55	67
423	3472	368	11	44	55
423	3379	344	10	69	79
424	3519	379	13	32	45
424	3578	394	17	13	30
424	3576	394	17	13	30
424	3522	380	13	31	44
424	3523	380	13	31	44
424	3575	393	18	13	31
424	3526	381	13	30	43
424	3677	419	1	4	5
424	3527	381	13	30	43
425	3580	395	17	13	30
425	3584	396	16	13	29
425	3673	418	1	6	7
426	3588	397	16	13	29
426	3530	382	14	30	44
426	3531	382	14	30	44
426	3534	383	14	29	43
426	3685	421	1	4	5
427	3592	398	16	13	29
427	3535	383	15	29	44
427	3491	372	11	44	55
427	3669	417	4	6	10
427	3681	420	1	6	7
428	3596	399	16	13	29
428	3600	400	15	13	28
428	3689	422	2	4	6
428	3693	423	1	4	5
428	3357	339	79	10	89
428	3604	401	15	12	27
429	3547	386	16	27	43
429	3697	424	1	4	5
430	3540	385	16	29	45
430	3544	386	16	28	44
430	3546	386	16	28	44
430	3550	387	16	27	43
430	3551	387	16	27	43
431	3612	403	15	13	28
432	3620	405	14	13	27
432	3552	388	16	28	44
433	3510	377	11	45	56
434	3624	406	14	14	28
434	3556	389	17	28	45
435	3560	390	17	28	45
436	3568	392	17	27	44
437	3636	409	13	15	28
437	3564	391	17	29	46
438	3474	368	11	59	70
438	3475	368	11	59	70
438	3572	393	17	28	45
439	3579	394	17	28	45
440	3586	396	16	28	44
440	3582	395	17	28	45
440	3583	395	17	28	45
442	3590	397	16	29	45
442	3591	397	16	29	45
442	3587	396	17	29	46
442	3595	398	16	28	44
443	3594	398	16	29	45
443	3539	384	15	44	59
444	3538	384	15	45	60
445	3598	399	16	30	46
446	3543	385	16	45	61
446	3542	385	16	45	61
446	3603	400	16	30	46
446	3608	402	15	29	44
446	3129	282	4	160	164
446	3517	379	5	62	67
446	80	374	0	72	72
446	67	312	0	134	134
446	75	315	1	130	131
446	83	374	1	71	72
446	92	446	NaN	NaN	NaN
447	3676	419	12	16	28
447	3616	404	14	29	43
447	3618	404	14	29	43
448	3619	404	15	29	44
448	3377	344	102	2	104
448	3549	387	59	2	61
448	3622	405	14	29	43
448	3623	405	14	29	43
449	3559	389	17	43	60
449	3781	445	2	2	4
449	3777	444	3	2	5
450	3628	407	13	30	43
450	3789	447	1	2	3
450	3581	395	52	3	55
450	3554	388	17	45	62
451	3563	390	17	44	61
451	3562	390	17	44	61
451	3785	446	1	4	5
451	3773	443	6	2	8
451	2761	190	132	129	261
452	3137	284	4	164	168
453	3518	379	12	62	74
453	3567	391	17	45	62
453	3566	391	17	45	62
453	3574	393	17	43	60
453	3769	442	9	2	11
453	3643	410	13	30	43
453	3571	392	18	43	61
454	3700	425	14	15	29
454	3648	412	12	30	42
454	3786	446	2	6	8
454	3765	441	11	2	13
454	3513	378	74	2	76
454	82	374	2	78	80
454	79	369	0	85	85
454	38	173	0	281	281
454	96	454	NaN	NaN	NaN
455	3809	452	1	2	3
455	3761	440	13	2	15
455	3649	412	40	3	43
455	3656	414	12	29	41
456	3757	439	14	3	17
457	3599	399	16	42	58
457	3653	413	42	2	44
457	3660	415	12	30	42
458	3753	438	18	2	20
458	3647	411	1	46	47
458	3646	411	1	46	47
459	3749	437	20	2	22
459	3745	436	21	2	23
459	3607	401	15	43	58
459	3606	401	15	43	58
459	3602	400	15	44	59
460	3829	457	1	2	3
460	3720	430	16	14	30
461	3672	418	12	31	43
461	3657	414	45	2	47
461	3665	416	43	2	45
462	3555	388	17	57	74
462	3615	403	15	44	59
462	3614	403	15	44	59
462	3679	419	13	30	43
463	3627	406	14	43	57
463	3626	406	14	43	57
463	3680	420	13	30	43
464	3558	389	17	58	75
464	3684	421	13	30	43
464	3741	435	25	4	29
464	3737	434	26	4	30
465	3631	407	14	44	58
465	3630	407	14	44	58
465	3635	408	13	44	57
465	3634	408	13	44	57
465	3841	460	1	4	5
465	3709	427	33	5	38
466	3632	408	13	45	58
466	3688	422	14	30	44
466	3733	433	28	5	33
466	3639	409	13	44	57
466	3638	409	13	44	57
466	3692	423	14	29	43
467	3755	438	15	14	29
467	3754	438	15	14	29
467	3752	438	15	14	29
467	3845	461	2	4	6
467	3849	462	1	4	5
467	3640	410	12	45	57
468	3698	424	15	29	44
468	3699	424	15	29	44
468	3756	439	15	14	29
468	3694	423	15	30	45
468	3760	440	14	14	28
468	3570	392	18	58	76
468	3696	424	15	29	44
469	3651	412	13	44	57
469	3650	412	13	44	57
469	3713	428	34	7	41
470	3652	413	12	45	57
470	3704	426	15	29	44
470	3837	459	5	6	11
470	3853	463	1	6	7
472	3659	414	12	46	58
472	3658	414	12	46	58
472	3708	427	15	30	45
472	3663	415	12	45	57
472	3662	415	12	45	57
473	3667	416	12	45	57
473	3666	416	12	45	57
473	3664	416	12	45	57
473	3712	428	16	29	45
475	3671	417	12	46	58
476	3668	417	12	47	59
476	3610	402	15	59	74
476	3611	402	15	59	74
476	3722	430	16	30	46
477	3678	419	12	46	58
478	3675	418	12	48	60
478	3674	418	12	48	60
480	3732	433	16	31	47
480	3683	420	13	47	60
480	3682	420	13	47	60
480	3736	434	15	31	46
481	3739	434	16	31	47
481	3687	421	13	47	60
481	3686	421	13	47	60
481	3800	450	14	17	31
481	3740	435	15	31	46
481	3742	435	15	31	46
482	3743	435	16	31	47
482	3804	451	14	17	31
482	3744	436	15	31	46
482	3805	451	29	2	31
482	3818	454	26	2	28
482	3746	436	15	31	46
482	3747	436	15	31	46
483	3691	422	14	47	61
483	3690	422	14	47	61
483	3748	437	15	31	46
483	3808	452	14	17	31
483	3801	450	31	2	33
483	3817	454	26	3	29
484	3812	453	14	17	31
484	3750	437	15	32	47
484	3751	437	15	32	47
484	3695	423	15	46	61
484	3797	449	33	2	35
484	3925	481	1	2	3
484	3917	479	2	3	5
485	3758	439	15	31	46
485	3759	439	15	31	46
485	3922	480	1	4	5
485	3821	455	25	5	30
485	3813	453	1	31	32
485	3763	440	15	30	45
485	3703	425	15	45	60
485	3702	425	15	45	60
486	3764	441	14	31	45
486	3766	441	14	31	45
486	3767	441	14	31	45
486	3825	456	1	29	30
486	3654	413	12	61	73
487	3655	413	12	62	74
487	3768	442	14	31	45
487	3710	427	15	45	60
487	3833	458	27	2	29
488	3772	443	14	31	45
488	3774	443	14	31	45
488	3775	443	14	31	45
488	3828	457	14	17	31
488	3770	442	14	32	46
488	3771	442	14	32	46
489	3832	458	14	17	31
489	3776	444	14	31	45
490	3779	444	14	32	46
490	3719	429	16	45	61
490	3718	429	16	45	61
490	3716	429	16	45	61
490	3909	477	9	4	13
491	3715	428	16	47	63
491	3714	428	16	47	63
491	3723	430	16	45	61
491	3913	478	6	7	13
491	3945	486	1	4	5
491	3780	445	14	32	46
492	3788	447	13	32	45
493	3670	417	12	64	76
493	3727	431	16	46	62
493	3726	431	16	46	62
494	3724	431	16	47	63
494	3844	461	16	17	33
495	3728	432	16	47	63
495	3792	448	13	34	47
496	3796	449	13	34	47
497	3798	449	14	34	48
497	3799	449	14	34	48
497	3735	433	16	48	64
497	3734	433	16	48	64
498	3856	464	16	18	34
498	3802	450	14	34	48
499	3803	450	14	35	49
499	3860	465	16	18	34
499	3738	434	16	49	65
499	3806	451	14	34	48
500	3807	451	14	35	49
500	3864	466	16	18	34
501	3810	452	14	35	49
501	3811	452	14	35	49
501	3868	467	16	18	34
502	3814	453	14	35	49
502	3815	453	14	35	49
503	3872	468	16	19	35
504	3876	469	16	19	35
504	3820	455	13	36	49
504	3819	454	14	36	50
504	3880	470	16	18	34
505	3762	440	15	50	65
505	3822	455	14	36	50
505	3823	455	14	36	50
506	3706	426	15	65	80
506	3707	426	15	65	80
506	3824	456	14	36	50
507	3830	457	14	36	50
507	3831	457	14	36	50
509	3834	458	14	37	51
509	3835	458	14	37	51
509	3778	444	14	51	65
509	3711	427	16	66	82
510	3836	459	15	36	51
512	3840	460	15	37	52
513	3787	446	14	53	67
513	3784	446	14	53	67
513	3783	445	14	54	68
515	3865	466	1	48	49
515	90	411	0	104	104
515	88	411	0	104	104
515	91	411	0	104	104
515	87	410	0	105	105
515	99	454	0	61	61
515	104	515	NaN	NaN	NaN
516	3916	479	16	21	37
516	3790	447	14	55	69
516	3848	462	16	38	54
516	3850	462	16	38	54
516	3851	462	16	38	54
516	3949	487	1	28	29
516	3794	448	14	54	68
516	3852	463	16	37	53
516	3854	463	16	37	53
517	3855	463	16	38	54
517	3730	432	16	69	85
517	3353	338	177	2	179
517	4017	504	11	2	13
517	3731	432	16	69	85
517	3795	448	14	55	69
518	3858	464	16	38	54
518	3859	464	16	38	54
518	4062	515	1	2	3
518	4061	515	1	2	3
518	4057	514	2	2	4
519	3928	482	17	20	37
519	4067	516	1	2	3
519	3149	287	2	230	232
519	3932	483	17	19	36
519	3862	465	17	37	54
520	3863	465	17	38	55
520	3870	467	16	37	53
520	3871	467	16	37	53
520	3866	466	17	37	54
520	4069	517	1	2	3
520	3869	467	2	51	53
520	3867	466	17	37	54
521	3816	454	13	54	67
521	4066	516	1	4	5
521	4053	513	6	2	8
521	3878	469	16	36	52
522	3879	469	16	37	53
522	3940	485	18	19	37
522	3874	468	16	38	54
522	4049	512	8	2	10
522	3429	357	163	2	165
523	3944	486	18	19	37
523	3882	470	16	37	53
523	4045	511	10	2	12
523	4005	501	20	2	22
524	3887	471	16	37	53
524	3827	456	14	54	68
524	3826	456	14	54	68
524	4041	510	12	2	14
524	3937	484	38	2	40
525	3884	471	16	38	54
525	4037	509	14	2	16
525	3345	336	187	2	189
525	3123	280	1	244	245
526	3888	472	16	38	54
526	3960	490	19	17	36
526	3892	473	16	37	53
527	3838	459	15	53	68
527	3896	474	16	37	53
527	3898	474	16	37	53
527	3899	474	16	37	53
528	3843	460	15	53	68
528	3842	460	15	53	68
528	3893	473	51	4	55
529	3782	445	14	70	84
529	3900	475	16	38	54
529	4033	508	16	5	21
529	4029	507	18	4	22
530	3904	476	16	38	54
530	4025	506	20	4	24
531	3791	447	14	70	84
531	3847	461	16	54	70
531	3846	461	16	54	70
532	3980	495	20	17	37
532	3984	496	20	16	36
533	3988	497	20	16	36
533	3918	479	17	37	54
533	3919	479	17	37	54
533	3924	481	17	35	52
534	3996	499	19	16	35
535	3935	483	17	35	52
535	4000	500	19	16	35
535	3930	482	17	36	53
536	3931	482	17	37	54
536	3934	483	17	36	53
537	4004	501	19	17	36
537	4008	502	18	17	35
538	3936	484	18	36	54
538	3875	468	16	54	70
539	4016	504	18	17	35
539	3942	485	18	36	54
539	3943	485	18	36	54
540	3946	486	18	36	54
540	3947	486	18	36	54
540	3948	487	18	35	53
541	3950	487	18	36	54
541	4020	505	18	18	36
541	4024	506	17	18	35
541	3883	470	16	55	71
542	4028	507	17	18	35
542	3951	487	19	36	55
543	3894	473	16	54	70
544	3886	471	16	57	73
544	3952	488	19	37	56
545	3895	473	16	56	72
545	4036	509	17	19	36
546	3890	472	16	58	74
546	3956	489	19	38	57
546	3891	472	17	57	74
548	3964	491	20	37	57
548	3903	475	16	57	73
549	3839	459	15	75	90
549	3902	475	16	58	74
550	3968	492	20	38	58
551	3907	476	16	59	75
552	3906	476	16	60	76
552	3972	493	20	39	59
552	3908	477	16	59	75
553	3911	477	16	60	76
554	3912	478	16	60	76
554	3987	496	20	38	58
554	3982	495	20	39	59
554	3983	495	20	39	59
555	3915	478	16	61	77
555	3986	496	20	39	59
556	3990	497	20	39	59
556	3991	497	20	39	59
556	3992	498	19	39	58
557	3998	499	19	39	58
557	3999	499	19	39	58
558	3927	481	17	60	77
558	4002	500	19	39	58
558	4003	500	19	39	58
559	4006	501	19	39	58
559	4007	501	19	39	58
561	4010	502	18	41	59
562	4014	503	18	41	59
562	4015	503	18	41	59
562	3939	484	18	60	78
562	3938	484	18	60	78
563	4018	504	18	41	59
565	4022	505	18	42	60
565	4023	505	18	42	60
566	4027	506	18	42	60
566	4030	507	17	42	59
567	3955	488	19	60	79
567	3954	488	19	60	79
568	3959	489	19	60	79
568	3958	489	19	60	79
569	4038	509	17	43	60
569	4039	509	17	43	60

=============================================================

Alien Army Won The Battle

=============================================================

Earth Statistics:
ES Count-> 55
ET Count-> 45
EG Count-> 0
Heal Units -> 0

ES_destructed:ES_total-> 80%
There is no Earth Gunnerys
ET_destructed:ET_total-> 35.5556%

Infection states: 
Total Infected Units : 0
Infection Percentage : 0%


Total Destructed Earth Units : Total Earth Units-> 60%
Total Units in UML : Total Earth Units->40%

Healed Units : Total Earth Units-> 16%

Average of Df-> 0.233333
Average of Db-> 96.0833
Average of Dd-> 95.85

Df / Db = 0.242845%
Dd / Db = 99.7572%

=============================================================

Alien Statistics:
AS Count-> 1658
AD Count-> 26
AM Count-> 600

AS_destructed:AS_total-> 87.9373%
AD_destructed:AD_total-> 0%
AM_destructed:AM_total-> 68%

Total Destructed Alien Units : Total Alien Units-> 81.6988%

Average of Df-> 9.33441
Average of Db-> 27.4689
Average of Dd-> 18.1345

Df / Db = 33.9817%
Dd / Db = 66.0183%
